Timestamp,HeadingPhase,Heading,HeadPing?,TimerPhase,TimerPing?
1596071336.635023,0,199.30134840925584,0,0,0
1596071336.6450372,0,199.30134840925584,0,1.8008136749267578,0
1596071336.6550484,0,199.30134840925584,0,3.6028289794921875,0
1596071336.6650548,0,199.30134840925584,0,5.403985977172852,0
1596071336.6750336,0,199.30134840925584,0,7.200164794921875,0
1596071336.6850488,0,199.30134840925584,0,9.002909660339355,0
1596071336.6950378,0,199.30134840925584,0,10.800933837890625,0
1596071336.705039,0,199.30134840925584,0,12.601146697998047,0
1596071336.715049,0,199.30134840925584,0,14.402947425842285,0
1596071336.7250438,0,199.30134840925584,0,16.202001571655273,0
1596071336.7350447,0,199.30134840925584,0,18.002171516418457,0
1596071336.7450423,0,199.30134840925584,0,19.801740646362305,0
1596071336.7550423,0,199.30134840925584,0,21.601738929748535,0
1596071336.765037,0,199.30134840925584,0,23.400793075561523,0
1596071336.7750475,0,199.30134840925584,0,25.20267963409424,0
1596071336.7850382,0,199.30134840925584,0,27.001004219055176,0
1596071336.7950366,0,199.30134840925584,0,28.80070209503174,0
1596071336.8050423,0,199.30134840925584,0,30.601730346679688,0
1596071336.8150325,0,199.30134840925584,0,32.39996910095215,0
1596071336.825043,0,199.30134840925584,0,34.20185565948486,0
1596071336.8350487,0,199.30134840925584,0,36.00288391113281,0
1596071336.8450444,0,199.30134840925584,0,37.802109718322754,0
1596071336.8550344,0,199.30134840925584,0,39.60030555725098,0
1596071336.8650413,0,199.30134840925584,0,41.40154838562012,0
1596071336.875042,0,199.30134840925584,0,43.20167541503906,0
1596071336.8850431,0,199.30134840925584,0,45.001888275146484,0
1596071336.8950362,0,199.30134840925584,0,46.800642013549805,0
1596071336.9050338,0,199.30134840925584,0,48.60021114349365,0
1596071336.9150538,0,199.30134840925584,0,50.4038143157959,0
1596071336.9250553,0,199.30134840925584,0,52.20407009124756,0
1596071336.9350436,0,199.30134840925584,0,54.00196552276611,0
1596071336.9450333,0,199.30134840925584,0,55.8001184463501,0
1596071336.9550407,0,199.30134840925584,0,57.601447105407715,0
1596071336.965041,0,199.30134840925584,0,59.401488304138184,0
1596071336.9750352,0,199.30134840925584,0,61.200456619262695,0
1596071336.9850411,0,199.30134840925584,0,63.00152778625488,0
1596071336.9950466,0,199.30134840925584,0,64.8025131225586,0
1596071337.005048,0,199.30134840925584,0,66.60276889801025,0
1596071337.0150356,0,199.30134840925584,0,68.4005355834961,0
1596071337.0250337,0,199.30134840925584,0,70.20019054412842,0
1596071337.0350559,0,199.30134840925584,0,72.00417995452881,0
1596071337.0450401,0,199.30134840925584,0,73.80134582519531,0
1596071337.0550542,0,199.30134840925584,0,75.6038761138916,0
1596071337.065042,0,199.30134840925584,0,77.40168571472168,0
1596071337.0750546,0,199.30134840925584,0,79.20395851135254,0
1596071337.08505,0,199.30134840925584,0,81.00314140319824,0
1596071337.0950344,0,199.30134840925584,0,82.80030727386475,0
1596071337.1050522,0,199.30134840925584,0,84.60352420806885,0
1596071337.115033,0,199.30134840925584,0,86.40004634857178,0
1596071337.125044,0,199.30134840925584,0,88.2020616531372,0
1596071337.1350393,0,199.30134840925584,0,90.00120162963867,0
1596071337.1450386,0,199.30134840925584,0,91.80107116699219,0
1596071337.1550426,0,199.30134840925584,0,93.60179901123047,0
1596071337.1650534,0,199.30134840925584,0,95.40372848510742,0
1596071337.175036,0,199.30134840925584,0,97.20059394836426,0
1596071337.1850533,0,199.30134840925584,0,99.00372505187988,0
1596071337.195054,0,199.30134840925584,0,100.80385208129883,0
1596071337.2050514,0,199.30134840925584,0,102.60337829589844,0
1596071337.2150548,0,199.30134840925584,0,104.403977394104,0
1596071337.2250345,0,199.30134840925584,0,106.20032787322998,0
1596071337.235045,0,199.30134840925584,0,108.0022144317627,0
1596071337.245044,0,199.30134840925584,0,109.80204105377197,0
1596071337.2550566,0,199.30134840925584,0,111.60431385040283,0
1596071337.2650533,0,199.30134840925584,0,113.40371131896973,0
1596071337.2750366,0,199.30134840925584,0,115.20070552825928,0
1596071337.285043,0,199.30134840925584,0,117.00186252593994,0
1596071337.2950346,0,199.30134840925584,0,118.80035877227783,0
1596071337.3050492,0,199.30134840925584,0,120.6029748916626,0
1596071337.3150413,0,199.30134840925584,0,122.40155696868896,0
1596071337.3250504,0,199.30134840925584,0,124.20318603515625,0
1596071337.3350384,0,199.30134840925584,0,126.00103855133057,0
1596071337.3450444,0,199.30134840925584,0,127.80210971832275,0
1596071337.355037,0,199.30134840925584,0,129.6007776260376,0
1596071337.3650527,0,199.30134840925584,0,131.40360832214355,0
1596071337.3750343,0,199.30134840925584,0,133.20030212402344,0
1596071337.3850517,0,199.30134840925584,0,135.00343322753906,0
1596071337.3950522,0,199.30134840925584,0,136.80351734161377,0
1596071337.4050355,0,199.30134840925584,0,138.60051155090332,0
1596071337.4150362,0,199.30134840925584,0,140.40063858032227,0
1596071337.4250393,0,199.30134840925584,0,142.2011947631836,0
1596071337.4350507,0,199.30134840925584,0,144.00325298309326,0
1596071337.4450345,0,199.30134840925584,0,145.8003330230713,0
1596071337.4550397,0,199.30134840925584,0,147.60127544403076,0
1596071337.465046,0,199.30134840925584,0,149.4023895263672,0
1596071337.4750435,0,199.30134840925584,0,151.20195865631104,0
1596071337.485032,0,199.30134840925584,0,152.99989700317383,0
1596071337.4950523,0,199.30134840925584,0,154.8035430908203,0
1596071337.505036,0,199.30134840925584,0,156.60062313079834,0
1596071337.5150452,0,199.30134840925584,0,158.40225219726562,0
1596071337.5250564,0,199.30134840925584,0,160.20426750183105,0
1596071337.535043,0,199.30134840925584,0,162.00186252593994,0
1596071337.545053,0,199.30134840925584,0,163.80366325378418,0
1596071337.5550368,0,199.30134840925584,0,165.6007432937622,0
1596071337.565053,0,199.30134840925584,0,167.40365982055664,0
1596071337.5750515,0,199.30134840925584,0,169.20340061187744,0
1596071337.5850472,0,199.30134840925584,0,171.00262641906738,0
1596071337.5950432,0,199.30134840925584,0,172.80189514160156,0
1596071337.6050348,0,199.30134840925584,0,174.60039138793945,0
1596071337.6150348,0,199.30134840925584,0,176.40038967132568,0
1596071337.6250362,0,199.30134840925584,0,178.20064544677734,0
1596071337.6350377,0,199.30134840925584,0,180.000901222229,0
1596071337.6450412,0,199.30134840925584,0,181.8015432357788,0
1596071337.6550558,0,199.30134840925584,0,183.60415935516357,0
1596071337.6650329,0,199.30134840925584,0,185.40003776550293,0
1596071337.67504,0,199.30134840925584,0,187.2013235092163,0
1596071337.6850555,0,199.30134840925584,0,189.00411128997803,0
1596071337.695056,0,199.30134840925584,0,190.80419540405273,0
1596071337.705042,0,199.30134840925584,0,192.6016616821289,0
1596071337.7150407,0,199.30134840925584,0,194.40144538879395,0
1596071337.7250366,0,199.30134840925584,0,196.20071411132812,0
1596071337.7350433,0,199.30134840925584,0,198.00191402435303,0
1596071337.7450347,0,199.30134840925584,0,199.80036735534668,0
1596071337.7550538,0,199.30134840925584,0,201.60379886627197,0
1596071337.7650478,0,199.30134840925584,0,203.40272426605225,0
1596071337.7750478,0,199.30134840925584,0,205.20272254943848,0
1596071337.785038,0,199.30134840925584,0,207.00096130371094,0
1596071337.7950425,0,199.30134840925584,0,208.8017749786377,0
1596071337.8050327,0,199.30134840925584,0,210.60001373291016,0
1596071337.8150516,0,199.30134840925584,0,212.4034023284912,0
1596071337.8250358,0,199.30134840925584,0,214.20056819915771,0
1596071337.8350341,0,199.30134840925584,0,216.00026607513428,0
1596071337.8450353,0,199.30134840925584,0,217.8004789352417,0
1596071337.8550413,0,199.30134840925584,0,219.6015501022339,0
1596071337.8650355,0,199.30134840925584,0,221.4005184173584,0
1596071337.875043,0,199.30134840925584,0,223.20184707641602,0
1596071337.8850443,0,199.30134840925584,0,225.00210285186768,0
1596071337.8950453,0,199.30134840925584,0,226.80227279663086,0
1596071337.9050317,0,199.30134840925584,0,228.5998249053955,0
1596071337.9150548,0,199.30134840925584,0,230.40398597717285,0
1596071337.9250336,0,199.30134840925584,0,232.20016479492188,0
1596071337.935034,0,199.30134840925584,0,234.00024890899658,0
1596071337.945044,0,199.30134840925584,0,235.80204963684082,0
1596071337.955046,0,199.30134840925584,0,237.60239124298096,0
1596071337.9650335,0,199.30134840925584,0,239.4001579284668,0
1596071337.9750338,0,199.30134840925584,0,241.20019912719727,0
1596071337.9850397,0,199.30134840925584,0,243.00127029418945,0
1596071337.9950476,0,199.30134840925584,0,244.80268478393555,0
1596071338.0050328,0,199.30134840925584,0,246.600022315979,0
1596071338.015056,0,199.30134840925584,0,248.40418338775635,0
1596071338.0250368,0,199.30134840925584,0,250.20074844360352,0
1596071338.0350366,0,199.30134840925584,0,252.0007038116455,0
1596071338.0450346,0,199.30134840925584,0,253.80035877227783,0
1596071338.0550315,0,199.30134840925584,0,255.59979915618896,0
1596071338.0650365,0,199.30134840925584,0,257.4006986618042,0
1596071338.0750341,0,199.30134840925584,0,259.20026779174805,0
1596071338.085044,0,199.30134840925584,0,261.00202560424805,0
1596071338.095033,0,199.30134840925584,0,262.8000497817993,0
1596071338.1050436,0,199.30134840925584,0,264.60197925567627,0
1596071338.115052,0,199.30134840925584,0,266.40347957611084,0
1596071338.1250393,0,199.30134840925584,0,268.20120334625244,0
1596071338.1350498,0,199.30134840925584,0,270.00308990478516,0
1596071338.1450422,0,199.30134840925584,0,271.80171489715576,0
1596071338.155043,0,199.30134840925584,0,273.6018419265747,0
1596071338.1650453,0,199.30134840925584,0,275.4022693634033,0
1596071338.1750343,0,199.30134840925584,0,277.2002935409546,0
1596071338.1850355,0,199.30134840925584,0,279.000506401062,0
1596071338.195039,0,199.30134840925584,0,280.8011484146118,0
1596071338.2050416,0,199.30134840925584,0,282.60161876678467,0
1596071338.2150536,0,199.30134840925584,0,284.4037628173828,0
1596071338.2250514,0,199.30134840925584,0,286.2033748626709,0
1596071338.2350385,0,199.30134840925584,0,288.00105571746826,0
1596071338.2450557,0,199.30134840925584,0,289.80414390563965,0
1596071338.2550313,0,199.30134840925584,0,291.5997648239136,0
1596071338.2650516,0,199.30134840925584,0,293.40341091156006,0
1596071338.275047,0,199.30134840925584,0,295.20259380340576,0
1596071338.2850432,0,199.30134840925584,0,297.0019054412842,0
1596071338.2950394,0,199.30134840925584,0,298.8012170791626,0
1596071338.305046,0,199.30134840925584,0,300.6024169921875,0
1596071338.3150473,0,199.30134840925584,0,302.4026298522949,0
1596071338.3250377,0,199.30134840925584,0,304.2009115219116,0
1596071338.3350363,0,199.30134840925584,0,306.0006523132324,0
1596071338.345049,0,199.30134840925584,0,307.8029251098633,0
1596071338.3550348,0,199.30134840925584,0,309.60039138793945,0
1596071338.3650408,0,199.30134840925584,0,311.40146255493164,0
1596071338.375038,0,199.30134840925584,0,313.200945854187,0
1596071338.3850355,0,199.30134840925584,0,315.00051498413086,0
1596071338.3950431,0,199.30134840925584,0,316.8018865585327,0
1596071338.4050434,0,199.30134840925584,0,318.6019277572632,0
1596071338.4150357,0,199.30134840925584,0,320.4005527496338,0
1596071338.4250438,0,199.30134840925584,0,322.2020101547241,0
1596071338.4350345,0,199.30134840925584,0,324.00033473968506,0
1596071338.4450514,0,199.30134840925584,0,325.8033800125122,0
1596071338.4550493,0,199.30134840925584,0,327.6029920578003,0
1596071338.4650486,0,199.30134840925584,0,329.4028615951538,0
1596071338.4750388,0,199.30134840925584,0,331.20110034942627,0
1596071338.4850373,0,199.30134840925584,0,333.00084114074707,0
1596071338.4950461,0,199.30134840925584,0,334.8024272918701,0
1596071338.5050337,0,199.30134840925584,0,336.60019397735596,0
1596071338.5150414,0,199.30134840925584,0,338.4015655517578,0
1596071338.5250454,0,199.30134840925584,0,340.2022933959961,0
1596071338.5350468,0,199.30134840925584,0,342.00254917144775,0
1596071338.5450528,0,199.30134840925584,0,343.80362033843994,0
1596071338.5550425,0,199.30134840925584,0,345.6017732620239,0
1596071338.565037,0,199.30134840925584,0,347.4007844924927,0
1596071338.575047,0,199.30134840925584,0,349.2025852203369,0
1596071338.5850496,0,199.30134840925584,0,351.00305557250977,0
1596071338.595054,0,199.30134840925584,0,352.8038263320923,0
1596071338.6050427,0,199.30134840925584,0,354.6018075942993,0
1596071338.6150389,0,199.30134840925584,0,356.40111923217773,0
1596071338.6250393,0,199.30134840925584,0,358.20120334625244,0
1596071338.6350403,0,199.30134840925584,0,360,1
1596071338.6350403,0,199.30134840925584,0,0,0
1596071338.645049,0,199.30134840925584,0,1.8015861511230469,0
1596071338.6550612,0,199.30134840925584,0,3.6037731170654297,0
1596071338.665056,0,199.30134840925584,0,5.402827262878418,0
1596071338.675049,0,199.30134840925584,0,7.201581001281738,0
1596071338.685043,0,199.30134840925584,0,9.000506401062012,0
1596071338.6950583,0,199.30134840925584,0,10.803251266479492,0
1596071338.7050552,0,199.30134840925584,0,12.602691650390625,0
1596071338.7150478,0,199.30134840925584,0,14.401359558105469,0
1596071338.7250583,0,199.30134840925584,0,16.203246116638184,0
1596071338.7350423,0,199.30134840925584,0,18.00036907196045,0
1596071338.74505,0,199.30134840925584,0,19.801740646362305,0
1596071338.755044,0,199.30134840925584,0,21.600666046142578,0
1596071338.765057,0,199.30134840925584,0,23.403024673461914,0
1596071338.775049,0,199.30134840925584,0,25.201563835144043,0
1596071338.7850463,0,199.30134840925584,0,27.001090049743652,0
1596071338.7950504,0,199.30134840925584,0,28.801817893981934,0
1596071338.805062,0,199.30134840925584,0,30.60391902923584,0
1596071338.8150485,0,199.30134840925584,0,32.40147113800049,0
1596071338.8250582,0,199.30134840925584,0,34.20322895050049,0
1596071338.8350508,0,199.30134840925584,0,36.00189685821533,0
1596071338.8450596,0,199.30134840925584,0,37.80348300933838,0
1596071338.8550587,0,199.30134840925584,0,39.603309631347656,0
1596071338.8650527,0,199.30134840925584,0,41.40223503112793,0
1596071338.8750513,0,199.30134840925584,0,43.20197582244873,0
1596071338.8850567,0,199.30134840925584,0,45.00296115875244,0
1596071338.8950498,0,199.30134840925584,0,46.80171489715576,0
1596071338.9050486,0,199.30134840925584,0,48.6014986038208,0
1596071338.9150422,0,199.30134840925584,0,50.4003381729126,0
1596071338.925052,0,199.30134840925584,0,52.2020959854126,0
1596071338.9350421,0,199.30134840925584,0,54.00033473968506,0
1596071338.9450555,0,199.30134840925584,0,55.80273628234863,0
1596071338.9550586,0,199.30134840925584,0,57.60329246520996,0
1596071338.9650593,0,199.30134840925584,0,59.403419494628906,0
1596071338.9750402,0,199.30134840925584,0,61.199984550476074,0
1596071338.9850516,0,199.30134840925584,0,63.00204277038574,0
1596071338.995052,0,199.30134840925584,0,64.80212688446045,0
1596071339.00505,0,199.30134840925584,0,66.60173892974854,0
1596071339.015056,0,199.30134840925584,0,68.40281009674072,0
1596071339.025058,0,199.30134840925584,0,70.2031946182251,0
1596071339.0350502,0,199.30134840925584,0,72.00177669525146,0
1596071339.0450428,0,199.30134840925584,0,73.80044460296631,0
1596071339.05504,0,199.30134840925584,0,75.59992790222168,0
1596071339.065048,0,199.30134840925584,0,77.40138530731201,0
1596071339.0750551,0,199.30134840925584,0,79.20267105102539,0
1596071339.0850558,0,199.30134840925584,0,81.00279808044434,0
1596071339.0950582,0,199.30134840925584,0,82.80322551727295,0
1596071339.1050415,0,199.30134840925584,0,84.6002197265625,0
1596071339.115052,0,199.30134840925584,0,86.40210628509521,0
1596071339.125045,0,199.30134840925584,0,88.20086002349854,0
1596071339.135042,0,199.30134840925584,0,90.00030040740967,0
1596071339.1450498,0,199.30134840925584,0,91.80171489715576,0
1596071339.1550562,0,199.30134840925584,0,93.60287189483643,0
1596071339.1650581,0,199.30134840925584,0,95.40321350097656,0
1596071339.1750612,0,199.30134840925584,0,97.20376968383789,0
1596071339.1850429,0,199.30134840925584,0,99.00046348571777,0
1596071339.1950634,0,199.30134840925584,0,100.8041524887085,0
1596071339.205053,0,199.30134840925584,0,102.60230541229248,0
1596071339.2150602,0,199.30134840925584,0,104.40359115600586,0
1596071339.2250507,0,199.30134840925584,0,106.20187282562256,0
1596071339.2350419,0,199.30134840925584,0,108.00028324127197,0
1596071339.2450464,0,199.30134840925584,0,109.80109691619873,0
1596071339.255052,0,199.30134840925584,0,111.60212516784668,0
1596071339.26505,0,199.30134840925584,0,113.40173721313477,0
1596071339.2750638,0,199.30134840925584,0,115.20422458648682,0
1596071339.285043,0,199.30134840925584,0,117.00048923492432,0
1596071339.2950487,0,199.30134840925584,0,118.80151748657227,0
1596071339.3050423,0,199.30134840925584,0,120.60035705566406,0
1596071339.3150449,0,199.30134840925584,0,122.40082740783691,0
1596071339.325048,0,199.30134840925584,0,124.20138359069824,0
1596071339.3350587,0,199.30134840925584,0,126.0033130645752,0
1596071339.3450465,0,199.30134840925584,0,127.80112266540527,0
1596071339.3550494,0,199.30134840925584,0,129.60163593292236,0
1596071339.3650615,0,199.30134840925584,0,131.40382289886475,0
1596071339.3750572,0,199.30134840925584,0,133.2030487060547,0
1596071339.3850484,0,199.30134840925584,0,135.0014591217041,0
1596071339.3950503,0,199.30134840925584,0,136.80180072784424,0
1596071339.4050395,0,199.30134840925584,0,138.59986782073975,0
1596071339.4150426,0,199.30134840925584,0,140.40042400360107,0
1596071339.4250526,0,199.30134840925584,0,142.2022247314453,0
1596071339.4350545,0,199.30134840925584,0,144.00256633758545,0
1596071339.4450598,0,199.30134840925584,0,145.80350875854492,0
1596071339.4550579,0,199.30134840925584,0,147.60316371917725,0
1596071339.4650457,0,199.30134840925584,0,149.40097332000732,0
1596071339.4750612,0,199.30134840925584,0,151.20376110076904,0
1596071339.4850416,0,199.30134840925584,0,153.00024032592773,0
1596071339.4950538,0,199.30134840925584,0,154.80242729187012,0
1596071339.5050411,0,199.30134840925584,0,156.60015106201172,0
1596071339.5150604,0,199.30134840925584,0,158.40362548828125,0
1596071339.525058,0,199.30134840925584,0,160.2031946182251,0
1596071339.5350478,0,199.30134840925584,0,162.00134754180908,0
1596071339.5450473,0,199.30134840925584,0,163.80125999450684,0
1596071339.5550582,0,199.30134840925584,0,165.60323238372803,0
1596071339.5650442,0,199.30134840925584,0,167.4006986618042,0
1596071339.575063,0,199.30134840925584,0,169.20408725738525,0
1596071339.5850527,0,199.30134840925584,0,171.00224018096924,0
1596071339.595054,0,199.30134840925584,0,172.80245304107666,0
1596071339.6050546,0,199.30134840925584,0,174.6025800704956,0
1596071339.615053,0,199.30134840925584,0,176.40227794647217,0
1596071339.6250572,0,199.30134840925584,0,178.2030487060547,0
1596071339.6350622,0,199.30134840925584,0,180.00394821166992,0
1596071339.6450443,0,199.30134840925584,0,181.80072784423828,0
1596071339.655043,0,199.30134840925584,0,183.60046863555908,0
1596071339.665053,0,199.30134840925584,0,185.40226936340332,0
1596071339.6750605,0,199.30134840925584,0,187.20364093780518,0
1596071339.685062,0,199.30134840925584,0,189.00389671325684,0
1596071339.695051,0,199.30134840925584,0,190.8019208908081,0
1596071339.7050483,0,199.30134840925584,0,192.60144710540771,0
1596071339.7150402,0,199.30134840925584,0,194.39998626708984,0
1596071339.725058,0,199.30134840925584,0,196.20320320129395,0
1596071339.7350554,0,199.30134840925584,0,198.00272941589355,0
1596071339.745051,0,199.30134840925584,0,199.80191230773926,0
1596071339.7550602,0,199.30134840925584,0,201.60358428955078,0
1596071339.7650409,0,199.30134840925584,0,203.4001064300537,0
1596071339.775052,0,199.30134840925584,0,205.20212173461914,0
1596071339.7850509,0,199.30134840925584,0,207.00190544128418,0
1596071339.795056,0,199.30134840925584,0,208.80284786224365,0
1596071339.8050444,0,199.30134840925584,0,210.6007432937622,0
1596071339.815059,0,199.30134840925584,0,212.40335941314697,0
1596071339.8250492,0,199.30134840925584,0,214.20159816741943,0
1596071339.8350496,0,199.30134840925584,0,216.00168228149414,0
1596071339.8450506,0,199.30134840925584,0,217.80185222625732,0
1596071339.855044,0,199.30134840925584,0,219.60064888000488,0
1596071339.8650527,0,199.30134840925584,0,221.40223503112793,0
1596071339.8750515,0,199.30134840925584,0,223.20201873779297,0
1596071339.8850555,0,199.30134840925584,0,225.00274658203125,0
1596071339.8950489,0,199.30134840925584,0,226.8015432357788,0
1596071339.9050536,0,199.30134840925584,0,228.6023998260498,0
1596071339.9150603,0,199.30134840925584,0,230.4035997390747,0
1596071339.9250393,0,199.30134840925584,0,232.19982147216797,0
1596071339.9350407,0,199.30134840925584,0,234.00007724761963,0
1596071339.9450593,0,199.30134840925584,0,235.80342292785645,0
1596071339.9550486,0,199.30134840925584,0,237.60149002075195,0
1596071339.9650521,0,199.30134840925584,0,239.40213203430176,0
1596071339.9750478,0,199.30134840925584,0,241.2013578414917,0
1596071339.9850547,0,199.30134840925584,0,243.00260066986084,0
1596071339.99504,0,199.30134840925584,0,244.7999382019043,0
1596071340.0050473,0,199.30134840925584,0,246.6012668609619,0
1596071340.0150604,0,199.30134840925584,0,248.40362548828125,0
1596071340.0250552,0,199.30134840925584,0,250.20267963409424,0
1596071340.0350592,0,199.30134840925584,0,252.00340747833252,0
1596071340.0450587,0,199.30134840925584,0,253.80331993103027,0
1596071340.055052,0,199.30134840925584,0,255.60211658477783,0
1596071340.0650501,0,199.30134840925584,0,257.40177154541016,0
1596071340.0750477,0,199.30134840925584,0,259.201340675354,0
1596071340.0850492,0,199.30134840925584,0,261.00159645080566,0
1596071340.0950549,0,199.30134840925584,0,262.8026247024536,0
1596071340.1050417,0,199.30134840925584,0,264.60026264190674,0
1596071340.1150424,0,199.30134840925584,0,266.4003896713257,0
1596071340.1250453,0,199.30134840925584,0,268.2009029388428,0
1596071340.1350627,0,199.30134840925584,0,270.0040340423584,0
1596071340.1450396,0,199.30134840925584,0,271.7998695373535,0
1596071340.1550443,0,199.30134840925584,0,273.6007261276245,0
1596071340.165059,0,199.30134840925584,0,275.4033851623535,0
1596071340.1750567,0,199.30134840925584,0,277.20295429229736,0
1596071340.1850624,0,199.30134840925584,0,279.0039825439453,0
1596071340.1950612,0,199.30134840925584,0,280.80376625061035,0
1596071340.2050526,0,199.30134840925584,0,282.602219581604,0
1596071340.215039,0,199.30134840925584,0,284.39977169036865,0
1596071340.225056,0,199.30134840925584,0,286.2028169631958,0
1596071340.235051,0,199.30134840925584,0,288.001914024353,0
1596071340.2450476,0,199.30134840925584,0,289.8013114929199,0
1596071340.2550588,0,199.30134840925584,0,291.60332679748535,0
1596071340.2650592,0,199.30134840925584,0,293.40341091156006,0
1596071340.2750442,0,199.30134840925584,0,295.2007055282593,0
1596071340.2850509,0,199.30134840925584,0,297.0019054412842,0
1596071340.2950609,0,199.30134840925584,0,298.8037061691284,0
1596071340.3050537,0,199.30134840925584,0,300.6024169921875,0
1596071340.315041,0,199.30134840925584,0,302.4001407623291,0
1596071340.3250597,0,199.30134840925584,0,304.2034864425659,0
1596071340.3350554,0,199.30134840925584,0,306.00271224975586,0
1596071340.34506,0,199.30134840925584,0,307.80356884002686,0
1596071340.3550513,0,199.30134840925584,0,309.60197925567627,0
1596071340.3650622,0,199.30134840925584,0,311.40395164489746,0
1596071340.3750439,0,199.30134840925584,0,313.20064544677734,0
1596071340.3850553,0,199.30134840925584,0,315.002703666687,0
1596071340.3950438,0,199.30134840925584,0,316.8006420135498,0
1596071340.4050486,0,199.30134840925584,0,318.6014986038208,0
1596071340.4150403,0,199.30134840925584,0,320.3999948501587,0
1596071340.4250476,0,199.30134840925584,0,322.2013235092163,0
1596071340.4350598,0,199.30134840925584,0,324.0035104751587,0
1596071340.4450443,0,199.30134840925584,0,325.80071926116943,0
1596071340.4550476,0,199.30134840925584,0,327.601318359375,0
1596071340.4650528,0,199.30134840925584,0,329.4022607803345,0
1596071340.4750433,0,199.30134840925584,0,331.2005424499512,0
1596071340.4850414,0,199.30134840925584,0,333.0001974105835,0
1596071340.4950492,0,199.30134840925584,0,334.8016119003296,0
1596071340.505055,0,199.30134840925584,0,336.60264015197754,0
1596071340.5150583,0,199.30134840925584,0,338.4032392501831,0
1596071340.5250502,0,199.30134840925584,0,340.20177841186523,0
1596071340.5350466,0,199.30134840925584,0,342.0011329650879,0
1596071340.5450525,0,199.30134840925584,0,343.8022041320801,0
1596071340.555041,0,199.30134840925584,0,345.60014247894287,0
1596071340.5650594,0,199.30134840925584,0,347.40344524383545,0
1596071340.5750396,0,199.30134840925584,0,349.1998815536499,0
1596071340.5850527,0,199.30134840925584,0,351.00224018096924,0
1596071340.595042,0,199.30134840925584,0,352.80030727386475,0
1596071340.6050522,0,199.30134840925584,0,354.6021509170532,0
1596071340.615048,0,199.30134840925584,0,356.40137672424316,0
1596071340.625052,0,199.30134840925584,0,358.20210456848145,0
1596071340.6350572,0,199.30134840925584,0,360,1
1596071340.6350572,0,199.30134840925584,0,0,0
1596071340.6450584,0,199.30134840925584,0,1.8002128601074219,0
1596071340.6550622,0,199.30134840925584,0,3.600897789001465,0
1596071340.6650786,0,199.30134840925584,0,5.403857231140137,0
1596071340.6750655,0,199.30134840925584,0,7.201495170593262,0
1596071340.6850812,0,199.30134840925584,0,9.004325866699219,0
1596071340.6950796,0,199.30134840925584,0,10.804023742675781,0
1596071340.7050662,0,199.30134840925584,0,12.601618766784668,0
1596071340.7150807,0,199.30134840925584,0,14.404234886169434,0
1596071340.7250793,0,199.30134840925584,0,16.203975677490234,0
1596071340.7350788,0,199.30134840925584,0,18.00388813018799,0
1596071340.7450686,0,199.30134840925584,0,19.802041053771973,0
1596071340.755079,0,199.30134840925584,0,21.603927612304688,0
1596071340.7650688,0,199.30134840925584,0,23.402080535888672,0
1596071340.775058,0,199.30134840925584,0,25.20014762878418,0
1596071340.78507,0,199.30134840925584,0,27.002291679382324,0
1596071340.7950747,0,199.30134840925584,0,28.80314826965332,0
1596071340.8050692,0,199.30134840925584,0,30.60215950012207,0
1596071340.8150744,0,199.30134840925584,0,32.40310192108154,0
1596071340.8250651,0,199.30134840925584,0,34.20142650604248,0
1596071340.8350804,0,199.30134840925584,0,36.00417137145996,0
1596071340.8450592,0,199.30134840925584,0,37.800350189208984,0
1596071340.8550763,0,199.30134840925584,0,39.60343837738037,0
1596071340.86507,0,199.30134840925584,0,41.402320861816406,0
1596071340.8750732,0,199.30134840925584,0,43.202877044677734,0
1596071340.8850708,0,199.30134840925584,0,45.00244617462158,0
1596071340.8950784,0,199.30134840925584,0,46.80381774902344,0
1596071340.9050593,0,199.30134840925584,0,48.600382804870605,0
1596071340.915059,0,199.30134840925584,0,50.4003381729126,0
1596071340.9250696,0,199.30134840925584,0,52.20222473144531,0
1596071340.9350646,0,199.30134840925584,0,54.00132179260254,0
1596071340.9450774,0,199.30134840925584,0,55.80363750457764,0
1596071340.9550788,0,199.30134840925584,0,57.6038932800293,0
1596071340.9650738,0,199.30134840925584,0,59.40299034118652,0
1596071340.9750602,0,199.30134840925584,0,61.20054244995117,0
1596071340.9850647,0,199.30134840925584,0,63.00135612487793,0
1596071340.9950743,0,199.30134840925584,0,64.80307102203369,0
1596071341.005059,0,199.30134840925584,0,66.60032272338867,0
1596071341.0150783,0,199.30134840925584,0,68.4037971496582,0
1596071341.0250685,0,199.30134840925584,0,70.20203590393066,0
1596071341.0350695,0,199.30134840925584,0,72.00220584869385,0
1596071341.0450785,0,199.30134840925584,0,73.80383491516113,0
1596071341.055062,0,199.30134840925584,0,75.60087203979492,0
1596071341.0650759,0,199.30134840925584,0,77.40335941314697,0
1596071341.0750763,0,199.30134840925584,0,79.20344352722168,0
1596071341.0850759,0,199.30134840925584,0,81.00335597991943,0
1596071341.0950654,0,199.30134840925584,0,82.80146598815918,0
1596071341.1050706,0,199.30134840925584,0,84.60240840911865,0
1596071341.1150625,0,199.30134840925584,0,86.40094757080078,0
1596071341.125071,0,199.30134840925584,0,88.20249080657959,0
1596071341.135069,0,199.30134840925584,0,90.00210285186768,0
1596071341.145068,0,199.30134840925584,0,91.80192947387695,0
1596071341.155078,0,199.30134840925584,0,93.60373020172119,0
1596071341.1650639,0,199.30134840925584,0,95.40119647979736,0
1596071341.1750734,0,199.30134840925584,0,97.20291137695312,0
1596071341.1850688,0,199.30134840925584,0,99.00209426879883,0
1596071341.1950808,0,199.30134840925584,0,100.80423831939697,0
1596071341.2050774,0,199.30134840925584,0,102.60363578796387,0
1596071341.215059,0,199.30134840925584,0,104.40032958984375,0
1596071341.2250812,0,199.30134840925584,0,106.20431900024414,0
1596071341.235078,0,199.30134840925584,0,108.00375938415527,0
1596071341.2450678,0,199.30134840925584,0,109.80191230773926,0
1596071341.2550702,0,199.30134840925584,0,111.60233974456787,0
1596071341.2650664,0,199.30134840925584,0,113.40165138244629,0
1596071341.2750812,0,199.30134840925584,0,115.2043104171753,0
1596071341.2850578,0,199.30134840925584,0,117.00010299682617,0
1596071341.2950702,0,199.30134840925584,0,118.8023328781128,0
1596071341.3050697,0,199.30134840925584,0,120.60224533081055,0
1596071341.3150597,0,199.30134840925584,0,122.40044116973877,0
1596071341.3250642,0,199.30134840925584,0,124.20125484466553,0
1596071341.3350775,0,199.30134840925584,0,126.0036563873291,0
1596071341.345073,0,199.30134840925584,0,127.8028392791748,0
1596071341.3550656,0,199.30134840925584,0,129.60150718688965,0
1596071341.365078,0,199.30134840925584,0,131.40373706817627,0
1596071341.3750618,0,199.30134840925584,0,133.2008171081543,0
1596071341.3850749,0,199.30134840925584,0,135.00317573547363,0
1596071341.395066,0,199.30134840925584,0,136.80158615112305,0
1596071341.4050665,0,199.30134840925584,0,138.60167026519775,0
1596071341.415066,0,199.30134840925584,0,140.4015827178955,0
1596071341.4250758,0,199.30134840925584,0,142.2033405303955,0
1596071341.4350693,0,199.30134840925584,0,144.0021800994873,0
1596071341.445058,0,199.30134840925584,0,145.80016136169434,0
1596071341.455071,0,199.30134840925584,0,147.60247707366943,0
1596071341.465081,0,199.30134840925584,0,149.40427780151367,0
1596071341.4750774,0,199.30134840925584,0,151.20363235473633,0
1596071341.4850712,0,199.30134840925584,0,153.00251483917236,0
1596071341.495071,0,199.30134840925584,0,154.80247020721436,0
1596071341.505064,0,199.30134840925584,0,156.60122394561768,0
1596071341.5150795,0,199.30134840925584,0,158.4040117263794,0
1596071341.5250726,0,199.30134840925584,0,160.20276546478271,0
1596071341.5350726,0,199.30134840925584,0,162.00276374816895,0
1596071341.545071,0,199.30134840925584,0,163.8024616241455,0
1596071341.5550659,0,199.30134840925584,0,165.60155868530273,0
1596071341.5650702,0,199.30134840925584,0,167.40232944488525,0
1596071341.5750773,0,199.30134840925584,0,169.20361518859863,0
1596071341.585077,0,199.30134840925584,0,171.00357055664062,0
1596071341.5950806,0,199.30134840925584,0,172.80421257019043,0
1596071341.6050694,0,199.30134840925584,0,174.60219383239746,0
1596071341.615069,0,199.30134840925584,0,176.40210628509521,0
1596071341.6250665,0,199.30134840925584,0,178.20167541503906,0
1596071341.6350763,0,199.30134840925584,0,180.00343322753906,0
1596071341.6450696,0,199.30134840925584,0,181.80222988128662,0
1596071341.6550746,0,199.30134840925584,0,183.60312938690186,0
1596071341.665058,0,199.30134840925584,0,185.4001235961914,0
1596071341.675057,0,199.30134840925584,0,187.19995021820068,0
1596071341.6850717,0,199.30134840925584,0,189.0026092529297,0
1596071341.6950738,0,199.30134840925584,0,190.80299377441406,0
1596071341.7050693,0,199.30134840925584,0,192.60217666625977,0
1596071341.7150738,0,199.30134840925584,0,194.40299034118652,0
1596071341.7250817,0,199.30134840925584,0,196.20440483093262,0
1596071341.7350647,0,199.30134840925584,0,198.00135612487793,0
1596071341.7450569,0,199.30134840925584,0,199.7999382019043,0
1596071341.7550786,0,199.30134840925584,0,201.6038417816162,0
1596071341.7650783,0,199.30134840925584,0,203.4037971496582,0
1596071341.7750764,0,199.30134840925584,0,205.20345211029053,0
1596071341.7850614,0,199.30134840925584,0,207.00074672698975,0
1596071341.7950726,0,199.30134840925584,0,208.80276203155518,0
1596071341.805075,0,199.30134840925584,0,210.6031894683838,0
1596071341.8150787,0,199.30134840925584,0,212.40387439727783,0
1596071341.8250644,0,199.30134840925584,0,214.20129776000977,0
1596071341.8350654,0,199.30134840925584,0,216.00146770477295,0
1596071341.8450673,0,199.30134840925584,0,217.8018093109131,0
1596071341.8550565,0,199.30134840925584,0,219.5998764038086,0
1596071341.8650682,0,199.30134840925584,0,221.4019775390625,0
1596071341.8750646,0,199.30134840925584,0,223.20133209228516,0
1596071341.8850634,0,199.30134840925584,0,225.0011157989502,0
1596071341.8950598,0,199.30134840925584,0,226.80047035217285,0
1596071341.9050648,0,199.30134840925584,0,228.6013698577881,0
1596071341.9150617,0,199.30134840925584,0,230.40081024169922,0
1596071341.9250758,0,199.30134840925584,0,232.2033405303955,0
1596071341.9350767,0,199.30134840925584,0,234.0035104751587,0
1596071341.9450648,0,199.30134840925584,0,235.801362991333,0
1596071341.9550636,0,199.30134840925584,0,237.60114669799805,0
1596071341.9650805,0,199.30134840925584,0,239.4041919708252,0
1596071341.9750636,0,199.30134840925584,0,241.2011432647705,0
1596071341.9850721,0,199.30134840925584,0,243.00268650054932,0
1596071341.995063,0,199.30134840925584,0,244.8010540008545,0
1596071342.005065,0,199.30134840925584,0,246.60139560699463,0
1596071342.015073,0,199.30134840925584,0,248.40285301208496,0
1596071342.0250747,0,199.30134840925584,0,250.20315170288086,0
1596071342.0350776,0,199.30134840925584,0,252.00366497039795,0
1596071342.045065,0,199.30134840925584,0,253.80138874053955,0
1596071342.0550709,0,199.30134840925584,0,255.60245990753174,0
1596071342.0650566,0,199.30134840925584,0,257.3998832702637,0
1596071342.075068,0,199.30134840925584,0,259.20194149017334,0
1596071342.0850697,0,199.30134840925584,0,261.00224018096924,0
1596071342.0950747,0,199.30134840925584,0,262.8031396865845,0
1596071342.1050725,0,199.30134840925584,0,264.60275173187256,0
1596071342.1150687,0,199.30134840925584,0,266.402063369751,0
1596071342.125062,0,199.30134840925584,0,268.20086002349854,0
1596071342.135062,0,199.30134840925584,0,270.00085830688477,0
1596071342.145065,0,199.30134840925584,0,271.8014144897461,0
1596071342.1550727,0,199.30134840925584,0,273.60278606414795,0
1596071342.1650677,0,199.30134840925584,0,275.4018831253052,0
1596071342.1750774,0,199.30134840925584,0,277.2036409378052,0
1596071342.1850717,0,199.30134840925584,0,279.0026092529297,0
1596071342.195079,0,199.30134840925584,0,280.8039379119873,0
1596071342.2050717,0,199.30134840925584,0,282.60260581970215,0
1596071342.2150793,0,199.30134840925584,0,284.403977394104,0
1596071342.2250564,0,199.30134840925584,0,286.19985580444336,0
1596071342.235067,0,199.30134840925584,0,288.0017423629761,0
1596071342.2450583,0,199.30134840925584,0,289.8001956939697,0
1596071342.2550557,0,199.30134840925584,0,291.59972190856934,0
1596071342.265074,0,199.30134840925584,0,293.4030246734619,0
1596071342.275063,0,199.30134840925584,0,295.2010488510132,0
1596071342.2850592,0,199.30134840925584,0,297.0003604888916,0
1596071342.2950675,0,199.30134840925584,0,298.8018608093262,0
1596071342.3050647,0,199.30134840925584,0,300.60134410858154,0
1596071342.3150723,0,199.30134840925584,0,302.4027156829834,0
1596071342.3250787,0,199.30134840925584,0,304.20387268066406,0
1596071342.3350742,0,199.30134840925584,0,306.00305557250977,0
1596071342.345075,0,199.30134840925584,0,307.8031826019287,0
1596071342.35508,0,199.30134840925584,0,309.60408210754395,0
1596071342.365068,0,199.30134840925584,0,311.40193462371826,0
1596071342.3750796,0,199.30134840925584,0,313.20403575897217,0
1596071342.3850777,0,199.30134840925584,0,315.0036907196045,0
1596071342.3950582,0,199.30134840925584,0,316.8001699447632,0
1596071342.4050608,0,199.30134840925584,0,318.60064029693604,0
1596071342.415059,0,199.30134840925584,0,320.4003381729126,0
1596071342.4250627,0,199.30134840925584,0,322.2009801864624,0
1596071342.4350584,0,199.30134840925584,0,324.00020599365234,0
1596071342.4450736,0,199.30134840925584,0,325.8029508590698,0
1596071342.4550586,0,199.30134840925584,0,327.60024547576904,0
1596071342.4650636,0,199.30134840925584,0,329.4011449813843,0
1596071342.4750774,0,199.30134840925584,0,331.2036323547363,0
1596071342.4850743,0,199.30134840925584,0,333.00307273864746,0
1596071342.4950776,0,199.30134840925584,0,334.803671836853,0
1596071342.5050697,0,199.30134840925584,0,336.6022539138794,0
1596071342.515062,0,199.30134840925584,0,338.40087890625,0
1596071342.5250585,0,199.30134840925584,0,340.20023345947266,0
1596071342.5350587,0,199.30134840925584,0,342.0002746582031,0
1596071342.5450706,0,199.30134840925584,0,343.80241870880127,0
1596071342.5550673,0,199.30134840925584,0,345.60181617736816,0
1596071342.5650733,0,199.30134840925584,0,347.40288734436035,0
1596071342.575063,0,199.30134840925584,0,349.20104026794434,0
1596071342.585077,0,199.30134840925584,0,351.0035705566406,0
1596071342.5950782,0,199.30134840925584,0,352.80378341674805,0
1596071342.6050591,0,199.30134840925584,0,354.6003484725952,0
1596071342.6150599,0,199.30134840925584,0,356.40047550201416,0
1596071342.6250665,0,199.30134840925584,0,358.20167541503906,0
1596071342.6350625,0,199.30134840925584,0,360,1
1596071342.6350625,0,199.30134840925584,0,0,0
1596071342.645077,0,199.30134840925584,0,1.8026161193847656,0
1596071342.6550834,0,199.30134840925584,0,3.6037731170654297,0
1596071342.6650815,0,199.30134840925584,0,5.403428077697754,0
1596071342.6750648,0,199.30134840925584,0,7.200422286987305,0
1596071342.6850634,0,199.30134840925584,0,9.000163078308105,0
1596071342.6950808,0,199.30134840925584,0,10.80329418182373,0
1596071342.705079,0,199.30134840925584,0,12.602992057800293,0
1596071342.7150707,0,199.30134840925584,0,14.401488304138184,0
1596071342.7250626,0,199.30134840925584,0,16.200027465820312,0
1596071342.7350845,0,199.30134840925584,0,18.003973960876465,0
1596071342.745069,0,199.30134840925584,0,19.801182746887207,0
1596071342.7550862,0,199.30134840925584,0,21.604270935058594,0
1596071342.7650719,0,199.30134840925584,0,23.401694297790527,0
1596071342.7750654,0,199.30134840925584,0,25.200533866882324,0
1596071342.7850842,0,199.30134840925584,0,27.00392246246338,0
1596071342.7950637,0,199.30134840925584,0,28.800230026245117,0
1596071342.8050807,0,199.30134840925584,0,30.603275299072266,0
1596071342.8150692,0,199.30134840925584,0,32.40121364593506,0
1596071342.8250628,0,199.30134840925584,0,34.200053215026855,0
1596071342.8350732,0,199.30134840925584,0,36.00193977355957,0
1596071342.8450816,0,199.30134840925584,0,37.80344009399414,0
1596071342.8550627,0,199.30134840925584,0,39.60004806518555,0
1596071342.8650694,0,199.30134840925584,0,41.40124797821045,0
1596071342.8750765,0,199.30134840925584,0,43.20253372192383,0
1596071342.8850677,0,199.30134840925584,0,45.00094413757324,0
1596071342.895086,0,199.30134840925584,0,46.80424690246582,0
1596071342.905065,0,199.30134840925584,0,48.60046863555908,0
1596071342.9150693,0,199.30134840925584,0,50.4012393951416,0
1596071342.9250772,0,199.30134840925584,0,52.202653884887695,0
1596071342.9350626,0,199.30134840925584,0,54.00003433227539,0
1596071342.9450734,0,199.30134840925584,0,55.801963806152344,0
1596071342.9550679,0,199.30134840925584,0,57.600975036621094,0
1596071342.9650693,0,199.30134840925584,0,59.401230812072754,0
1596071342.975077,0,199.30134840925584,0,61.20260238647461,0
1596071342.9850645,0,199.30134840925584,0,63.00036907196045,0
1596071342.9950805,0,199.30134840925584,0,64.80324268341064,0
1596071343.005078,0,199.30134840925584,0,66.60281181335449,0
1596071343.0150628,0,199.30134840925584,0,68.40006351470947,0
1596071343.0250857,0,199.30134840925584,0,70.20418167114258,0
1596071343.0350723,0,199.30134840925584,0,72.00177669525146,0
1596071343.0450826,0,199.30134840925584,0,73.80362033843994,0
1596071343.0550795,0,199.30134840925584,0,75.60306072235107,0
1596071343.0650847,0,199.30134840925584,0,77.40400314331055,0
1596071343.0750794,0,199.30134840925584,0,79.20305728912354,0
1596071343.08507,0,199.30134840925584,0,81.00133895874023,0
1596071343.0950649,0,199.30134840925584,0,82.80043601989746,0
1596071343.1050665,0,199.30134840925584,0,84.60073471069336,0
1596071343.1150832,0,199.30134840925584,0,86.40373706817627,0
1596071343.1250737,0,199.30134840925584,0,88.20201873779297,0
1596071343.1350644,0,199.30134840925584,0,90.0003433227539,0
1596071343.1450627,0,199.30134840925584,0,91.80004119873047,0
1596071343.1550844,0,199.30134840925584,0,93.60394477844238,0
1596071343.1650772,0,199.30134840925584,0,95.40265560150146,0
1596071343.1750717,0,199.30134840925584,0,97.20166683197021,0
1596071343.1850688,0,199.30134840925584,0,99.00115013122559,0
1596071343.1950686,0,199.30134840925584,0,100.80110549926758,0
1596071343.2050776,0,199.30134840925584,0,102.60273456573486,0
1596071343.2150862,0,199.30134840925584,0,104.40427780151367,0
1596071343.2250643,0,199.30134840925584,0,106.20032787322998,0
1596071343.2350733,0,199.30134840925584,0,108.00195693969727,0
1596071343.2450786,0,199.30134840925584,0,109.80289936065674,0
1596071343.2550793,0,199.30134840925584,0,111.60302639007568,0
1596071343.2650657,0,199.30134840925584,0,113.40057849884033,0
1596071343.2750676,0,199.30134840925584,0,115.20092010498047,0
1596071343.2850716,0,199.30134840925584,0,117.00164794921875,0
1596071343.295069,0,199.30134840925584,0,118.80117416381836,0
1596071343.3050718,0,199.30134840925584,0,120.60168743133545,0
1596071343.3150787,0,199.30134840925584,0,122.40293025970459,0
1596071343.3250687,0,199.30134840925584,0,124.20112609863281,0
1596071343.3350806,0,199.30134840925584,0,126.00327014923096,0
1596071343.3450763,0,199.30134840925584,0,127.8024959564209,0
1596071343.3550794,0,199.30134840925584,0,129.60305213928223,0
1596071343.3650656,0,199.30134840925584,0,131.40056133270264,0
1596071343.3750663,0,199.30134840925584,0,133.20068836212158,0
1596071343.3850734,0,199.30134840925584,0,135.00197410583496,0
1596071343.395066,0,199.30134840925584,0,136.8006420135498,0
1596071343.4050822,0,199.30134840925584,0,138.60355854034424,0
1596071343.4150689,0,199.30134840925584,0,140.40115356445312,0
1596071343.425081,0,199.30134840925584,0,142.2033405303955,0
1596071343.435083,0,199.30134840925584,0,144.00368213653564,0
1596071343.4450784,0,199.30134840925584,0,145.80286502838135,0
1596071343.4550786,0,199.30134840925584,0,147.60290622711182,0
1596071343.4650745,0,199.30134840925584,0,149.402174949646,0
1596071343.4750743,0,199.30134840925584,0,151.202130317688,0
1596071343.4850655,0,199.30134840925584,0,153.0005407333374,0
1596071343.4950812,0,199.30134840925584,0,154.80337142944336,0
1596071343.5050762,0,199.30134840925584,0,156.6024684906006,0
1596071343.5150702,0,199.30134840925584,0,158.40139389038086,0
1596071343.5250702,0,199.30134840925584,0,160.2013921737671,0
1596071343.535072,0,199.30134840925584,0,162.00173377990723,0
1596071343.5450683,0,199.30134840925584,0,163.80104541778564,0
1596071343.5550654,0,199.30134840925584,0,165.60052871704102,0
1596071343.565082,0,199.30134840925584,0,167.40353107452393,0
1596071343.5750823,0,199.30134840925584,0,169.2035722732544,0
1596071343.5850673,0,199.30134840925584,0,171.0008668899536,0
1596071343.59507,0,199.30134840925584,0,172.80133724212646,0
1596071343.6050637,0,199.30134840925584,0,174.6002197265625,0
1596071343.6150753,0,199.30134840925584,0,176.4023208618164,0
1596071343.625062,0,199.30134840925584,0,178.1999158859253,0
1596071343.6350827,0,199.30134840925584,0,180.00364780426025,0
1596071343.645077,0,199.30134840925584,0,181.80261611938477,0
1596071343.6550808,0,199.30134840925584,0,183.6033010482788,0
1596071343.665069,0,199.30134840925584,0,185.40119647979736,0
1596071343.675082,0,199.30134840925584,0,187.20351219177246,0
1596071343.6850798,0,199.30134840925584,0,189.00312423706055,0
1596071343.695063,0,199.30134840925584,0,190.8001184463501,0
1596071343.7050838,0,199.30134840925584,0,192.60385036468506,0
1596071343.7150753,0,199.30134840925584,0,194.4023036956787,0
1596071343.7250793,0,199.30134840925584,0,196.203031539917,0
1596071343.7350662,0,199.30134840925584,0,198.00066947937012,0
1596071343.7450721,0,199.30134840925584,0,199.8017406463623,0
1596071343.7550642,0,199.30134840925584,0,201.60032272338867,0
1596071343.7650778,0,199.30134840925584,0,203.40276718139648,0
1596071343.7750635,0,199.30134840925584,0,205.20019054412842,0
1596071343.7850776,0,199.30134840925584,0,207.0027208328247,0
1596071343.7950633,0,199.30134840925584,0,208.80014419555664,0
1596071343.8050668,0,199.30134840925584,0,210.60078620910645,0
1596071343.8150651,0,199.30134840925584,0,212.400484085083,0
1596071343.8250713,0,199.30134840925584,0,214.20159816741943,0
1596071343.8350716,0,199.30134840925584,0,216.0016393661499,0
1596071343.8450623,0,199.30134840925584,0,217.79996395111084,0
1596071343.8550634,0,199.30134840925584,0,219.60017681121826,0
1596071343.8650675,0,199.30134840925584,0,221.40090465545654,0
1596071343.8750694,0,199.30134840925584,0,223.20124626159668,0
1596071343.885084,0,199.30134840925584,0,225.00386238098145,0
1596071343.8950686,0,199.30134840925584,0,226.80111408233643,0
1596071343.9050784,0,199.30134840925584,0,228.60287189483643,0
1596071343.9150753,0,199.30134840925584,0,230.40231227874756,0
1596071343.9250803,0,199.30134840925584,0,232.2032117843628,0
1596071343.9350789,0,199.30134840925584,0,234.0029525756836,0
1596071343.9450772,0,199.30134840925584,0,235.80265045166016,0
1596071343.9550705,0,199.30134840925584,0,237.60144710540771,0
1596071343.9650626,0,199.30134840925584,0,239.40002918243408,0
1596071343.9750612,0,199.30134840925584,0,241.19976997375488,0
1596071343.9850743,0,199.30134840925584,0,243.00212860107422,0
1596071343.9950786,0,199.30134840925584,0,244.80289936065674,0
1596071344.0050726,0,199.30134840925584,0,246.601824760437,0
1596071344.015085,0,199.30134840925584,0,248.40405464172363,0
1596071344.0250833,0,199.30134840925584,0,250.2037525177002,0
1596071344.035079,0,199.30134840925584,0,252.00297832489014,0
1596071344.0450633,0,199.30134840925584,0,253.80014419555664,0
1596071344.0550675,0,199.30134840925584,0,255.60091495513916,0
1596071344.0650795,0,199.30134840925584,0,257.4030590057373,0
1596071344.0750723,0,199.30134840925584,0,259.2017698287964,0
1596071344.0850766,0,199.30134840925584,0,261.0025405883789,0
1596071344.0950766,0,199.30134840925584,0,262.80253887176514,0
1596071344.1050785,0,199.30134840925584,0,264.6028804779053,0
1596071344.115084,0,199.30134840925584,0,266.403865814209,0
1596071344.1250677,0,199.30134840925584,0,268.200945854187,0
1596071344.1350636,0,199.30134840925584,0,270.0002145767212,0
1596071344.145085,0,199.30134840925584,0,271.80407524108887,0
1596071344.155065,0,199.30134840925584,0,273.6004686355591,0
1596071344.1650808,0,199.30134840925584,0,275.40329933166504,0
1596071344.175079,0,199.30134840925584,0,277.2029972076416,0
1596071344.1850739,0,199.30134840925584,0,279.0020513534546,0
1596071344.195078,0,199.30134840925584,0,280.80277919769287,0
1596071344.2050662,0,199.30134840925584,0,282.6006746292114,0
1596071344.215061,0,199.30134840925584,0,284.3997287750244,0
1596071344.2250783,0,199.30134840925584,0,286.20285987854004,0
1596071344.235077,0,199.30134840925584,0,288.00260066986084,0
1596071344.245081,0,199.30134840925584,0,289.8033285140991,0
1596071344.2550688,0,199.30134840925584,0,291.6011381149292,0
1596071344.265076,0,199.30134840925584,0,293.4024238586426,0
1596071344.2750664,0,199.30134840925584,0,295.2007055282593,0
1596071344.2850776,0,199.30134840925584,0,297.0027208328247,0
1596071344.295064,0,199.30134840925584,0,298.80027294158936,0
1596071344.305076,0,199.30134840925584,0,300.6024169921875,0
1596071344.3150787,0,199.30134840925584,0,302.4029302597046,0
1596071344.325075,0,199.30134840925584,0,304.202241897583,0
1596071344.335079,0,199.30134840925584,0,306.0029697418213,0
1596071344.345061,0,199.30134840925584,0,307.79974937438965,0
1596071344.3550696,0,199.30134840925584,0,309.60129261016846,0
1596071344.3650677,0,199.30134840925584,0,311.4009475708008,0
1596071344.3750832,0,199.30134840925584,0,313.2037353515625,0
1596071344.385077,0,199.30134840925584,0,315.00261783599854,0
1596071344.3950624,0,199.30134840925584,0,316.79999828338623,0
1596071344.40507,0,199.30134840925584,0,318.6013698577881,0
1596071344.4150684,0,199.30134840925584,0,320.40106773376465,0
1596071344.4250753,0,199.30134840925584,0,322.2023105621338,0
1596071344.435062,0,199.30134840925584,0,323.9999055862427,0
1596071344.4450803,0,199.30134840925584,0,325.80320835113525,0
1596071344.4550734,0,199.30134840925584,0,327.6019620895386,0
1596071344.4650617,0,199.30134840925584,0,329.39985752105713,0
1596071344.4750774,0,199.30134840925584,0,331.2026882171631,0
1596071344.4850802,0,199.30134840925584,0,333.0032014846802,0
1596071344.4950771,0,199.30134840925584,0,334.8026418685913,0
1596071344.5050712,0,199.30134840925584,0,336.6015672683716,0
1596071344.515073,0,199.30134840925584,0,338.4019088745117,0
1596071344.5250711,0,199.30134840925584,0,340.20156383514404,0
1596071344.5350814,0,199.30134840925584,0,342.0034074783325,0
1596071344.5450804,0,199.30134840925584,0,343.8032341003418,0
1596071344.5550659,0,199.30134840925584,0,345.6006145477295,0
1596071344.565064,0,199.30134840925584,0,347.4002695083618,0
1596071344.575079,0,199.30134840925584,0,349.20297145843506,0
1596071344.585084,0,199.30134840925584,0,351.0038709640503,0
1596071344.5950649,0,199.30134840925584,0,352.80043601989746,0
1596071344.6050842,0,199.30134840925584,0,354.603910446167,0
1596071344.615081,0,199.30134840925584,0,356.4033508300781,0
1596071344.6250677,0,199.30134840925584,0,358.200945854187,0
1596071344.6350613,0,199.30134840925584,0,359.9997854232788,0
1596071344.635095,0,199.30134840925584,0,360,1
1596071344.635095,0,199.30134840925584,0,0,0
1596071344.6451113,0,199.30134840925584,0,1.8029594421386719,0
1596071344.6550965,0,199.30134840925584,0,3.600296974182129,0
1596071344.6651049,0,199.30134840925584,0,5.401797294616699,0
1596071344.6750994,0,199.30134840925584,0,7.200808525085449,0
1596071344.685102,0,199.30134840925584,0,9.0012788772583,0
1596071344.6951163,0,199.30134840925584,0,10.803852081298828,0
1596071344.7050962,0,199.30134840925584,0,12.600245475769043,0
1596071344.7151155,0,199.30134840925584,0,14.403719902038574,0
1596071344.7251086,0,199.30134840925584,0,16.202473640441895,0
1596071344.735118,0,199.30134840925584,0,18.004145622253418,0
1596071344.7451186,0,199.30134840925584,0,19.804272651672363,0
1596071344.7551198,0,199.30134840925584,0,21.604485511779785,0
1596071344.7651138,0,199.30134840925584,0,23.40341091156006,0
1596071344.775097,0,199.30134840925584,0,25.20036220550537,0
1596071344.785119,0,199.30134840925584,0,27.00435161590576,0
1596071344.795095,0,199.30134840925584,0,28.800015449523926,0
1596071344.8050978,0,199.30134840925584,0,30.600528717041016,0
1596071344.8151047,0,199.30134840925584,0,32.401771545410156,0
1596071344.8251157,0,199.30134840925584,0,34.20374393463135,0
1596071344.8351183,0,199.30134840925584,0,36.0042142868042,0
1596071344.845099,0,199.30134840925584,0,37.80073642730713,0
1596071344.8551085,0,199.30134840925584,0,39.60245132446289,0
1596071344.8651054,0,199.30134840925584,0,41.40189170837402,0
1596071344.8751166,0,199.30134840925584,0,43.20390701293945,0
1596071344.8850946,0,199.30134840925584,0,44.99995708465576,0
1596071344.8951092,0,199.30134840925584,0,46.80257320404053,0
1596071344.9050968,0,199.30134840925584,0,48.60033988952637,0
1596071344.915116,0,199.30134840925584,0,50.4038143157959,0
1596071344.9251,0,199.30134840925584,0,52.200937271118164,0
1596071344.9351177,0,199.30134840925584,0,54.00411128997803,0
1596071344.9450994,0,199.30134840925584,0,55.80080509185791,0
1596071344.9551134,0,199.30134840925584,0,57.6033353805542,0
1596071344.9651146,0,199.30134840925584,0,59.40354824066162,0
1596071344.9750977,0,199.30134840925584,0,61.200499534606934,0
1596071344.9851115,0,199.30134840925584,0,63.002986907958984,0
1596071344.9950962,0,199.30134840925584,0,64.80023860931396,0
1596071345.0051184,0,199.30134840925584,0,66.60422801971436,0
1596071345.0151074,0,199.30134840925584,0,68.40225219726562,0
1596071345.0251071,0,199.30134840925584,0,70.20220756530762,0
1596071345.035099,0,199.30134840925584,0,72.00074672698975,0
1596071345.0450962,0,199.30134840925584,0,73.80023002624512,0
1596071345.0551016,0,199.30134840925584,0,75.60121536254883,0
1596071345.0651069,0,199.30134840925584,0,77.4021577835083,0
1596071345.0751112,0,199.30134840925584,0,79.20292854309082,0
1596071345.0851014,0,199.30134840925584,0,81.00116729736328,0
1596071345.0951173,0,199.30134840925584,0,82.80404090881348,0
1596071345.1051137,0,199.30134840925584,0,84.60339546203613,0
1596071345.115118,0,199.30134840925584,0,86.40416622161865,0
1596071345.125107,0,199.30134840925584,0,88.20219039916992,0
1596071345.1351004,0,199.30134840925584,0,90.00098705291748,0
1596071345.1451051,0,199.30134840925584,0,91.80184364318848,0
1596071345.155095,0,199.30134840925584,0,93.6000394821167,0
1596071345.1650956,0,199.30134840925584,0,95.4001235961914,0
1596071345.175099,0,199.30134840925584,0,97.20072269439697,0
1596071345.1851192,0,199.30134840925584,0,99.00436878204346,0
1596071345.1950963,0,199.30134840925584,0,100.80024719238281,0
1596071345.2051177,0,199.30134840925584,0,102.60410785675049,0
1596071345.2151048,0,199.30134840925584,0,104.40178871154785,0
1596071345.2250943,0,199.30134840925584,0,106.1998987197876,0
1596071345.2351027,0,199.30134840925584,0,108.00139904022217,0
1596071345.2451088,0,199.30134840925584,0,109.8025131225586,0
1596071345.255107,0,199.30134840925584,0,111.60216808319092,0
1596071345.265117,0,199.30134840925584,0,113.40396881103516,0
1596071345.2751005,0,199.30134840925584,0,115.20100593566895,0
1596071345.2851017,0,199.30134840925584,0,117.00121879577637,0
1596071345.2951,0,199.30134840925584,0,118.80091667175293,0
1596071345.3051186,0,199.30134840925584,0,120.60426235198975,0
1596071345.3151042,0,199.30134840925584,0,122.40168571472168,0
1596071345.3251052,0,199.30134840925584,0,124.20185565948486,0
1596071345.3351185,0,199.30134840925584,0,126.00425720214844,0
1596071345.345102,0,199.30134840925584,0,127.80129432678223,0
1596071345.3551,0,199.30134840925584,0,129.6009063720703,0
1596071345.3651128,0,199.30134840925584,0,131.4032220840454,0
1596071345.3751152,0,199.30134840925584,0,133.20364952087402,0
1596071345.3851159,0,199.30134840925584,0,135.00377655029297,0
1596071345.3951147,0,199.30134840925584,0,136.803560256958,0
1596071345.4051032,0,199.30134840925584,0,138.6014986038208,0
1596071345.4151173,0,199.30134840925584,0,140.4040288925171,0
1596071345.4251072,0,199.30134840925584,0,142.2022247314453,0
1596071345.435117,0,199.30134840925584,0,144.0039825439453,0
1596071345.4451008,0,199.30134840925584,0,145.80106258392334,0
1596071345.4551115,0,199.30134840925584,0,147.6029920578003,0
1596071345.4651058,0,199.30134840925584,0,149.4019603729248,0
1596071345.4751015,0,199.30134840925584,0,151.20118618011475,0
1596071345.4851189,0,199.30134840925584,0,153.00431728363037,0
1596071345.4950953,0,199.30134840925584,0,154.800066947937,0
1596071345.5050986,0,199.30134840925584,0,156.60066604614258,0
1596071345.5151157,0,199.30134840925584,0,158.40375423431396,0
1596071345.5251074,0,199.30134840925584,0,160.20225048065186,0
1596071345.5351033,0,199.30134840925584,0,162.00151920318604,0
1596071345.5451102,0,199.30134840925584,0,163.80276203155518,0
1596071345.555096,0,199.30134840925584,0,165.6001853942871,0
1596071345.5651064,0,199.30134840925584,0,167.40207195281982,0
1596071345.5751135,0,199.30134840925584,0,169.2033576965332,0
1596071345.5851128,0,199.30134840925584,0,171.00322723388672,0
1596071345.5951042,0,199.30134840925584,0,172.80168056488037,0
1596071345.6050992,0,199.30134840925584,0,174.6007776260376,0
1596071345.6151135,0,199.30134840925584,0,176.40335083007812,0
1596071345.625105,0,199.30134840925584,0,178.20180416107178,0
1596071345.6351128,0,199.30134840925584,0,180.00321865081787,0
1596071345.6451132,0,199.30134840925584,0,181.80330276489258,0
1596071345.6551156,0,199.30134840925584,0,183.6037302017212,0
1596071345.6650984,0,199.30134840925584,0,185.40063858032227,0
1596071345.6751075,0,199.30134840925584,0,187.20226764678955,0
1596071345.685115,0,199.30134840925584,0,189.0036392211914,0
1596071345.6950958,0,199.30134840925584,0,190.80016136169434,0
1596071345.7051096,0,199.30134840925584,0,192.6026487350464,0
1596071345.715117,0,199.30134840925584,0,194.403977394104,0
1596071345.7251017,0,199.30134840925584,0,196.20122909545898,0
1596071345.7351055,0,199.30134840925584,0,198.00191402435303,0
1596071345.7450938,0,199.30134840925584,0,199.79980945587158,0
1596071345.7551095,0,199.30134840925584,0,201.60264015197754,0
1596071345.7650983,0,199.30134840925584,0,203.40062141418457,0
1596071345.7751117,0,199.30134840925584,0,205.20302295684814,0
1596071345.7851033,0,199.30134840925584,0,207.00151920318604,0
1596071345.795118,0,199.30134840925584,0,208.80417823791504,0
1596071345.8051178,0,199.30134840925584,0,210.60413360595703,0
1596071345.8151035,0,199.30134840925584,0,212.40155696868896,0
1596071345.8251097,0,199.30134840925584,0,214.2026710510254,0
1596071345.835115,0,199.30134840925584,0,216.00361347198486,0
1596071345.8451023,0,199.30134840925584,0,217.80133724212646,0
1596071345.8551078,0,199.30134840925584,0,219.60232257843018,0
1596071345.8651125,0,199.30134840925584,0,221.40317916870117,0
1596071345.8750937,0,199.30134840925584,0,223.19978713989258,0
1596071345.8851147,0,199.30134840925584,0,225.00356197357178,0
1596071345.8950968,0,199.30134840925584,0,226.80034160614014,0
1596071345.9051154,0,199.30134840925584,0,228.60368728637695,0
1596071345.9151037,0,199.30134840925584,0,230.4015827178955,0
1596071345.9251056,0,199.30134840925584,0,232.20192432403564,0
1596071345.9351082,0,199.30134840925584,0,234.0023946762085,0
1596071345.9451177,0,199.30134840925584,0,235.80410957336426,0
1596071345.955099,0,199.30134840925584,0,237.6007604598999,0
1596071345.965094,0,199.30134840925584,0,239.39985752105713,0
1596071345.9751115,0,199.30134840925584,0,241.20298862457275,0
1596071345.9850936,0,199.30134840925584,0,242.9997682571411,0
1596071345.9951065,0,199.30134840925584,0,244.8020839691162,0
1596071346.0051012,0,199.30134840925584,0,246.6011381149292,0
1596071346.015109,0,199.30134840925584,0,248.4025526046753,0
1596071346.0251067,0,199.30134840925584,0,250.20212173461914,0
1596071346.0351033,0,199.30134840925584,0,252.00151920318604,0
1596071346.0451107,0,199.30134840925584,0,253.80284786224365,0
1596071346.0550952,0,199.30134840925584,0,255.6000566482544,0
1596071346.0650973,0,199.30134840925584,0,257.40044116973877,0
1596071346.0751085,0,199.30134840925584,0,259.2024564743042,0
1596071346.0851161,0,199.30134840925584,0,261.00382804870605,0
1596071346.095107,0,199.30134840925584,0,262.80219554901123,0
1596071346.105104,0,199.30134840925584,0,264.60163593292236,0
1596071346.1150963,0,199.30134840925584,0,266.40026092529297,0
1596071346.1251066,0,199.30134840925584,0,268.20210456848145,0
1596071346.1350977,0,199.30134840925584,0,270.00051498413086,0
1596071346.1451056,0,199.30134840925584,0,271.80192947387695,0
1596071346.1551085,0,199.30134840925584,0,273.60244274139404,0
1596071346.1650977,0,199.30134840925584,0,275.40050983428955,0
1596071346.1750953,0,199.30134840925584,0,277.2000789642334,0
1596071346.1851022,0,199.30134840925584,0,279.00132179260254,0
1596071346.1950977,0,199.30134840925584,0,280.80050468444824,0
1596071346.2051008,0,199.30134840925584,0,282.60106086730957,0
1596071346.2151034,0,199.30134840925584,0,284.4015312194824,0
1596071346.2251143,0,199.30134840925584,0,286.2035036087036,0
1596071346.2350945,0,199.30134840925584,0,287.99993991851807,0
1596071346.2450938,0,199.30134840925584,0,289.7998094558716,0
1596071346.2551053,0,199.30134840925584,0,291.60186767578125,0
1596071346.2650995,0,199.30134840925584,0,293.40083599090576,0
1596071346.2751164,0,199.30134840925584,0,295.2038812637329,0
1596071346.2851174,0,199.30134840925584,0,297.0040512084961,0
1596071346.2951088,0,199.30134840925584,0,298.80250453948975,0
1596071346.305116,0,199.30134840925584,0,300.6037902832031,0
1596071346.3151045,0,199.30134840925584,0,302.4017286300659,0
1596071346.3251164,0,199.30134840925584,0,304.20387268066406,0
1596071346.3351176,0,199.30134840925584,0,306.0040855407715,0
1596071346.3451087,0,199.30134840925584,0,307.8024959564209,0
1596071346.3550966,0,199.30134840925584,0,309.600305557251,0
1596071346.365111,0,199.30134840925584,0,311.40292167663574,0
1596071346.3751032,0,199.30134840925584,0,313.2015037536621,0
1596071346.385104,0,199.30134840925584,0,315.00163078308105,0
1596071346.3951092,0,199.30134840925584,0,316.8025732040405,0
1596071346.4051006,0,199.30134840925584,0,318.6010265350342,0
1596071346.4150963,0,199.30134840925584,0,320.4002523422241,0
1596071346.4250932,0,199.30134840925584,0,322.19969272613525,0
1596071346.435097,0,199.30134840925584,0,324.0003776550293,0
1596071346.4451032,0,199.30134840925584,0,325.8014917373657,0
1596071346.4551065,0,199.30134840925584,0,327.6020908355713,0
1596071346.465112,0,199.30134840925584,0,329.403076171875,0
1596071346.4750998,0,199.30134840925584,0,331.2008857727051,0
1596071346.4851058,0,199.30134840925584,0,333.00195693969727,0
1596071346.49511,0,199.30134840925584,0,334.8027276992798,0
1596071346.5051126,0,199.30134840925584,0,336.60319805145264,0
1596071346.515104,0,199.30134840925584,0,338.4016513824463,0
1596071346.5251172,0,199.30134840925584,0,340.2040100097656,0
1596071346.535114,0,199.30134840925584,0,342.00345039367676,0
1596071346.5451038,0,199.30134840925584,0,343.80160331726074,0
1596071346.5550947,0,199.30134840925584,0,345.5999708175659,0
1596071346.5650988,0,199.30134840925584,0,347.4006986618042,0
1596071346.575097,0,199.30134840925584,0,349.20039653778076,0
1596071346.5851133,0,199.30134840925584,0,351.0033130645752,0
1596071346.5950954,0,199.30134840925584,0,352.80009269714355,0
1596071346.6051111,0,199.30134840925584,0,354.6029233932495,0
1596071346.6150978,0,199.30134840925584,0,356.4005184173584,0
1596071346.6250956,0,199.30134840925584,0,358.2001304626465,0
1596071346.6351166,0,199.30134840925584,0,360,1
1596071346.6351166,0,199.30134840925584,0,0,0
1596071346.6451263,0,199.30134840925584,0,1.8017578125,0
1596071346.655121,0,199.30134840925584,0,3.6008119583129883,0
1596071346.665133,0,199.30134840925584,0,5.402956008911133,0
1596071346.6751266,0,199.30134840925584,0,7.20179557800293,0
1596071346.6851234,0,199.30134840925584,0,9.001235961914062,0
1596071346.6951373,0,199.30134840925584,0,10.803723335266113,0
1596071346.7051232,0,199.30134840925584,0,12.601189613342285,0
1596071346.715125,0,199.30134840925584,0,14.401531219482422,0
1596071346.7251284,0,199.30134840925584,0,16.20213031768799,0
1596071346.735127,0,199.30134840925584,0,18.00187110900879,0
1596071346.7451298,0,199.30134840925584,0,19.80238437652588,0
1596071346.7551332,0,199.30134840925584,0,21.602983474731445,0
1596071346.765137,0,199.30134840925584,0,23.40366840362549,0
1596071346.7751358,0,199.30134840925584,0,25.203452110290527,0
1596071346.785136,0,199.30134840925584,0,27.003493309020996,0
1596071346.7951212,0,199.30134840925584,0,28.800830841064453,0
1596071346.805121,0,199.30134840925584,0,30.600786209106445,0
1596071346.815125,0,199.30134840925584,0,32.40151405334473,0
1596071346.8251274,0,199.30134840925584,0,34.20194149017334,0
1596071346.835126,0,199.30134840925584,0,36.00168228149414,0
1596071346.845118,0,199.30134840925584,0,37.80026435852051,0
1596071346.8551223,0,199.30134840925584,0,39.60103511810303,0
1596071346.8651245,0,199.30134840925584,0,41.4014196395874,0
1596071346.8751214,0,199.30134840925584,0,43.200860023498535,0
1596071346.8851397,0,199.30134840925584,0,45.00416278839111,0
1596071346.895131,0,199.30134840925584,0,46.802616119384766,0
1596071346.9051332,0,199.30134840925584,0,48.60300064086914,0
1596071346.915118,0,199.30134840925584,0,50.40025234222412,0
1596071346.9251285,0,199.30134840925584,0,52.202138900756836,0
1596071346.9351308,0,199.30134840925584,0,54.00256633758545,0
1596071346.9451206,0,199.30134840925584,0,55.800719261169434,0
1596071346.9551196,0,199.30134840925584,0,57.60054588317871,0
1596071346.9651308,0,199.30134840925584,0,59.40256118774414,0
1596071346.9751394,0,199.30134840925584,0,61.20410442352295,0
1596071346.9851236,0,199.30134840925584,0,63.00127029418945,0
1596071346.9951353,0,199.30134840925584,0,64.80337142944336,0
1596071347.0051386,0,199.30134840925584,0,66.60397052764893,0
1596071347.0151367,0,199.30134840925584,0,68.40362548828125,0
1596071347.0251164,0,199.30134840925584,0,70.19997596740723,0
1596071347.0351326,0,199.30134840925584,0,72.00289249420166,0
1596071347.0451212,0,199.30134840925584,0,73.80083084106445,0
1596071347.0551174,0,199.30134840925584,0,75.60014247894287,0
1596071347.0651343,0,199.30134840925584,0,77.40318775177002,0
1596071347.075126,0,199.30134840925584,0,79.20168399810791,0
1596071347.0851405,0,199.30134840925584,0,81.00430011749268,0
1596071347.095119,0,199.30134840925584,0,82.80043601989746,0
1596071347.105126,0,199.30134840925584,0,84.6016788482666,0
1596071347.1151278,0,199.30134840925584,0,86.40202045440674,0
1596071347.125139,0,199.30134840925584,0,88.20403575897217,0
1596071347.1351283,0,199.30134840925584,0,90.00210285186768,0
1596071347.145121,0,199.30134840925584,0,91.80081367492676,0
1596071347.1551313,0,199.30134840925584,0,93.60265731811523,0
1596071347.1651382,0,199.30134840925584,0,95.40390014648438,0
1596071347.1751313,0,199.30134840925584,0,97.2026538848877,0
1596071347.1851342,0,199.30134840925584,0,99.00316715240479,0
1596071347.1951382,0,199.30134840925584,0,100.80389499664307,0
1596071347.2051346,0,199.30134840925584,0,102.60324954986572,0
1596071347.2151341,0,199.30134840925584,0,104.40316200256348,0
1596071347.225137,0,199.30134840925584,0,106.20367527008057,0
1596071347.235134,0,199.30134840925584,0,108.0031156539917,0
1596071347.2451355,0,199.30134840925584,0,109.8034143447876,0
1596071347.2551312,0,199.30134840925584,0,111.60264015197754,0
1596071347.2651253,0,199.30134840925584,0,113.40156555175781,0
1596071347.2751303,0,199.30134840925584,0,115.20246505737305,0
1596071347.2851267,0,199.30134840925584,0,117.0018196105957,0
1596071347.2951214,0,199.30134840925584,0,118.80087375640869,0
1596071347.3051271,0,199.30134840925584,0,120.60190200805664,0
1596071347.3151362,0,199.30134840925584,0,122.40353107452393,0
1596071347.3251312,0,199.30134840925584,0,124.20262813568115,0
1596071347.3351297,0,199.30134840925584,0,126.00236892700195,0
1596071347.3451235,0,199.30134840925584,0,127.80125141143799,0
1596071347.355135,0,199.30134840925584,0,129.60330963134766,0
1596071347.3651316,0,199.30134840925584,0,131.40270709991455,0
1596071347.375124,0,199.30134840925584,0,133.20133209228516,0
1596071347.3851159,0,199.30134840925584,0,134.99987125396729,0
1596071347.395128,0,199.30134840925584,0,136.80205821990967,0
1596071347.4051216,0,199.30134840925584,0,138.60089778900146,0
1596071347.41513,0,199.30134840925584,0,140.40239810943604,0
1596071347.425133,0,199.30134840925584,0,142.20295429229736,0
1596071347.4351363,0,199.30134840925584,0,144.00355339050293,0
1596071347.4451401,0,199.30134840925584,0,145.80423831939697,0
1596071347.455138,0,199.30134840925584,0,147.60385036468506,0
1596071347.4651358,0,199.30134840925584,0,149.40346240997314,0
1596071347.4751234,0,199.30134840925584,0,151.20122909545898,0
1596071347.4851243,0,199.30134840925584,0,153.00139904022217,0
1596071347.4951305,0,199.30134840925584,0,154.8025131225586,0
1596071347.505126,0,199.30134840925584,0,156.6016960144043,0
1596071347.5151267,0,199.30134840925584,0,158.40182304382324,0
1596071347.5251243,0,199.30134840925584,0,160.2013921737671,0
1596071347.5351214,0,199.30134840925584,0,162.00087547302246,0
1596071347.545118,0,199.30134840925584,0,163.80027294158936,0
1596071347.555118,0,199.30134840925584,0,165.6002712249756,0
1596071347.5651171,0,199.30134840925584,0,167.40009784698486,0
1596071347.5751176,0,199.30134840925584,0,169.20018196105957,0
1596071347.5851314,0,199.30134840925584,0,171.00266933441162,0
1596071347.5951283,0,199.30134840925584,0,172.80210971832275,0
1596071347.6051223,0,199.30134840925584,0,174.60103511810303,0
1596071347.615128,0,199.30134840925584,0,176.40206336975098,0
1596071347.6251338,0,199.30134840925584,0,178.20309162139893,0
1596071347.635134,0,199.30134840925584,0,180.0031328201294,0
1596071347.6451159,0,199.30134840925584,0,181.79986953735352,0
1596071347.655138,0,199.30134840925584,0,183.6038589477539,0
1596071347.6651242,0,199.30134840925584,0,185.40136814117432,0
1596071347.675123,0,199.30134840925584,0,187.20115184783936,0
1596071347.6851294,0,199.30134840925584,0,189.00230884552002,0
1596071347.6951299,0,199.30134840925584,0,190.80239295959473,0
1596071347.705132,0,199.30134840925584,0,192.6027774810791,0
1596071347.7151365,0,199.30134840925584,0,194.40359115600586,0
1596071347.7251217,0,199.30134840925584,0,196.20092868804932,0
1596071347.73514,0,199.30134840925584,0,198.0042314529419,0
1596071347.7451243,0,199.30134840925584,0,199.8013973236084,0
1596071347.7551217,0,199.30134840925584,0,201.600923538208,0
1596071347.7651334,0,199.30134840925584,0,203.4030246734619,0
1596071347.7751386,0,199.30134840925584,0,205.2039670944214,0
1596071347.7851348,0,199.30134840925584,0,207.0032787322998,0
1596071347.7951255,0,199.30134840925584,0,208.80160331726074,0
1596071347.805119,0,199.30134840925584,0,210.60044288635254,0
1596071347.8151379,0,199.30134840925584,0,212.4038314819336,0
1596071347.825129,0,199.30134840925584,0,214.202241897583,0
1596071347.8351355,0,199.30134840925584,0,216.00339889526367,0
1596071347.8451347,0,199.30134840925584,0,217.8032684326172,0
1596071347.8551385,0,199.30134840925584,0,219.60395336151123,0
1596071347.8651235,0,199.30134840925584,0,221.40124797821045,0
1596071347.8751228,0,199.30134840925584,0,223.20111751556396,0
1596071347.885136,0,199.30134840925584,0,225.0034761428833,0
1596071347.895119,0,199.30134840925584,0,226.8004274368286,0
1596071347.905131,0,199.30134840925584,0,228.602614402771,0
1596071347.9151168,0,199.30134840925584,0,230.40003776550293,0
1596071347.9251182,0,199.30134840925584,0,232.2002935409546,0
1596071347.9351296,0,199.30134840925584,0,234.00235176086426,0
1596071347.9451165,0,199.30134840925584,0,235.79998970031738,0
1596071347.9551194,0,199.30134840925584,0,237.60050296783447,0
1596071347.9651258,0,199.30134840925584,0,239.40165996551514,0
1596071347.975118,0,199.30134840925584,0,241.2002420425415,0
1596071347.9851213,0,199.30134840925584,0,243.00084114074707,0
1596071347.99512,0,199.30134840925584,0,244.8006248474121,0
1596071348.0051172,0,199.30134840925584,0,246.60010814666748,0
1596071348.0151386,0,199.30134840925584,0,248.40396881103516,0
1596071348.0251217,0,199.30134840925584,0,250.20092010498047,0
1596071348.0351188,0,199.30134840925584,0,252.00040340423584,0
1596071348.0451343,0,199.30134840925584,0,253.80319118499756,0
1596071348.055124,0,199.30134840925584,0,255.60134410858154,0
1596071348.0651195,0,199.30134840925584,0,257.40052700042725,0
1596071348.0751293,0,199.30134840925584,0,259.20228481292725,0
1596071348.0851357,0,199.30134840925584,0,261.0034418106079,0
1596071348.0951345,0,199.30134840925584,0,262.80322551727295,0
1596071348.1051378,0,199.30134840925584,0,264.6038246154785,0
1596071348.115118,0,199.30134840925584,0,266.40026092529297,0
1596071348.1251228,0,199.30134840925584,0,268.20111751556396,0
1596071348.1351357,0,199.30134840925584,0,270.00343322753906,0
1596071348.1451387,0,199.30134840925584,0,271.8039894104004,0
1596071348.155123,0,199.30134840925584,0,273.6011552810669,0
1596071348.165135,0,199.30134840925584,0,275.40329933166504,0
1596071348.1751244,0,199.30134840925584,0,277.2014093399048,0
1596071348.1851208,0,199.30134840925584,0,279.00076389312744,0
1596071348.1951263,0,199.30134840925584,0,280.80174922943115,0
1596071348.2051275,0,199.30134840925584,0,282.6019620895386,0
1596071348.2151392,0,199.30134840925584,0,284.4040632247925,0
1596071348.2251163,0,199.30134840925584,0,286.19994163513184,0
1596071348.235126,0,199.30134840925584,0,288.00169944763184,0
1596071348.2451384,0,199.30134840925584,0,289.80392932891846,0
1596071348.255137,0,199.30134840925584,0,291.60367012023926,0
1596071348.2651355,0,199.30134840925584,0,293.40341091156006,0
1596071348.275119,0,199.30134840925584,0,295.20044803619385,0
1596071348.285121,0,199.30134840925584,0,297.000789642334,0
1596071348.2951176,0,199.30134840925584,0,298.8001871109009,0
1596071348.3051317,0,199.30134840925584,0,300.60271739959717,0
1596071348.3151228,0,199.30134840925584,0,302.4011278152466,0
1596071348.3251374,0,199.30134840925584,0,304.20374393463135,0
1596071348.3351226,0,199.30134840925584,0,306.0010814666748,0
1596071348.345115,0,199.30134840925584,0,307.7997064590454,0
1596071348.355128,0,199.30134840925584,0,309.60206508636475,0
1596071348.3651164,0,199.30134840925584,0,311.3999605178833,0
1596071348.3751311,0,199.30134840925584,0,313.2026195526123,0
1596071348.3851273,0,199.30134840925584,0,315.0019311904907,0
1596071348.3951218,0,199.30134840925584,0,316.8009424209595,0
1596071348.405135,0,199.30134840925584,0,318.6033010482788,0
1596071348.4151175,0,199.30134840925584,0,320.40016651153564,0
1596071348.4251244,0,199.30134840925584,0,322.2014093399048,0
1596071348.4351392,0,199.30134840925584,0,324.0040683746338,0
1596071348.4451363,0,199.30134840925584,0,325.80355167388916,0
1596071348.455132,0,199.30134840925584,0,327.6027774810791,0
1596071348.465131,0,199.30134840925584,0,329.4026041030884,0
1596071348.4751234,0,199.30134840925584,0,331.201229095459,0
1596071348.4851325,0,199.30134840925584,0,333.00285816192627,0
1596071348.4951384,0,199.30134840925584,0,334.80392932891846,0
1596071348.5051262,0,199.30134840925584,0,336.60173892974854,0
1596071348.515138,0,199.30134840925584,0,338.40384006500244,0
1596071348.525139,0,199.30134840925584,0,340.20405292510986,0
1596071348.5351155,0,199.30134840925584,0,341.9998025894165,0
1596071348.5451207,0,199.30134840925584,0,343.800745010376,0
1596071348.555131,0,199.30134840925584,0,345.60258865356445,0
1596071348.5651183,0,199.30134840925584,0,347.40031242370605,0
1596071348.5751295,0,199.30134840925584,0,349.2023277282715,0
1596071348.5851192,0,199.30134840925584,0,351.00048065185547,0
1596071348.5951216,0,199.30134840925584,0,352.8009080886841,0
1596071348.6051362,0,199.30134840925584,0,354.60352420806885,0
1596071348.6151223,0,199.30134840925584,0,356.40103340148926,0
1596071348.6251347,0,199.30134840925584,0,358.2032632827759,0
1596071348.6351225,0,199.30134840925584,0,360,1
1596071348.6351225,0,199.30134840925584,0,0,0
1596071348.6451457,0,199.30134840925584,0,1.8041610717773438,0
1596071348.6551394,0,199.30134840925584,0,3.603043556213379,0
1596071348.6651282,0,199.30134840925584,0,5.40102481842041,0
1596071348.6751416,0,199.30134840925584,0,7.203426361083984,0
1596071348.6851454,0,199.30134840925584,0,9.004111289978027,0
1596071348.695138,0,199.30134840925584,0,10.802779197692871,0
1596071348.705128,0,199.30134840925584,0,12.600975036621094,0
1596071348.7151277,0,199.30134840925584,0,14.400930404663086,0
1596071348.7251453,0,199.30134840925584,0,16.20410442352295,0
1596071348.7351441,0,199.30134840925584,0,18.00388813018799,0
1596071348.7451231,0,199.30134840925584,0,19.80010986328125,0
1596071348.7551239,0,199.30134840925584,0,21.600236892700195,0
1596071348.7651367,0,199.30134840925584,0,23.402552604675293,0
1596071348.775124,0,199.30134840925584,0,25.200276374816895,0
1596071348.785125,0,199.30134840925584,0,27.000446319580078,0
1596071348.7951427,0,199.30134840925584,0,28.80362033843994,0
1596071348.8051338,0,199.30134840925584,0,30.602030754089355,0
1596071348.8151424,0,199.30134840925584,0,32.403573989868164,0
1596071348.8251355,0,199.30134840925584,0,34.202327728271484,0
1596071348.83514,0,199.30134840925584,0,36.00314140319824,0
1596071348.845133,0,199.30134840925584,0,37.80189514160156,0
1596071348.8551457,0,199.30134840925584,0,39.60416793823242,0
1596071348.8651233,0,199.30134840925584,0,41.400132179260254,0
1596071348.8751304,0,199.30134840925584,0,43.20141792297363,0
1596071348.8851259,0,199.30134840925584,0,45.000600814819336,0
1596071348.8951452,0,199.30134840925584,0,46.80407524108887,0
1596071348.905139,0,199.30134840925584,0,48.6029577255249,0
1596071348.9151433,0,199.30134840925584,0,50.40372848510742,0
1596071348.9251335,0,199.30134840925584,0,52.20196723937988,0
1596071348.9351363,0,199.30134840925584,0,54.00248050689697,0
1596071348.9451277,0,199.30134840925584,0,55.800933837890625,0
1596071348.9551368,0,199.30134840925584,0,57.60256290435791,0
1596071348.9651318,0,199.30134840925584,0,59.40165996551514,0
1596071348.9751399,0,199.30134840925584,0,61.20311737060547,0
1596071348.9851303,0,199.30134840925584,0,63.00139904022217,0
1596071348.9951282,0,199.30134840925584,0,64.80101108551025,0
1596071349.0051253,0,199.30134840925584,0,66.60049438476562,0
1596071349.0151267,0,199.30134840925584,0,68.40075016021729,0
1596071349.0251362,0,199.30134840925584,0,70.20246505737305,0
1596071349.035147,0,199.30134840925584,0,72.00439453125,0
1596071349.0451245,0,199.30134840925584,0,73.80035877227783,0
1596071349.055131,0,199.30134840925584,0,75.6015157699585,0
1596071349.0651348,0,199.30134840925584,0,77.40220069885254,0
1596071349.0751297,0,199.30134840925584,0,79.20129776000977,0
1596071349.085141,0,199.30134840925584,0,81.0033130645752,0
1596071349.095147,0,199.30134840925584,0,82.80438423156738,0
1596071349.1051247,0,199.30134840925584,0,84.60039138793945,0
1596071349.1151264,0,199.30134840925584,0,86.40069007873535,0
1596071349.1251454,0,199.30134840925584,0,88.20412158966064,0
1596071349.135137,0,199.30134840925584,0,90.00261783599854,0
1596071349.145124,0,199.30134840925584,0,91.80025577545166,0
1596071349.1551456,0,199.30134840925584,0,93.60415935516357,0
1596071349.1651382,0,199.30134840925584,0,95.40282726287842,0
1596071349.1751416,0,199.30134840925584,0,97.20342636108398,0
1596071349.185147,0,199.30134840925584,0,99.0044116973877,0
1596071349.1951466,0,199.30134840925584,0,100.80432415008545,0
1596071349.2051337,0,199.30134840925584,0,102.60200500488281,0
1596071349.2151341,0,199.30134840925584,0,104.40208911895752,0
1596071349.2251241,0,199.30134840925584,0,106.20028495788574,0
1596071349.2351434,0,199.30134840925584,0,108.00375938415527,0
1596071349.24513,0,199.30134840925584,0,109.80135440826416,0
1596071349.2551296,0,199.30134840925584,0,111.60126686096191,0
1596071349.265147,0,199.30134840925584,0,113.40439796447754,0
1596071349.2751317,0,199.30134840925584,0,115.20164966583252,0
1596071349.2851422,0,199.30134840925584,0,117.00353622436523,0
1596071349.2951243,0,199.30134840925584,0,118.8003158569336,0
1596071349.3051395,0,199.30134840925584,0,120.60306072235107,0
1596071349.3151462,0,199.30134840925584,0,122.40426063537598,0
1596071349.3251402,0,199.30134840925584,0,124.20318603515625,0
1596071349.3351274,0,199.30134840925584,0,126.00086688995361,0
1596071349.345145,0,199.30134840925584,0,127.80404090881348,0
1596071349.355122,0,199.30134840925584,0,129.59991931915283,0
1596071349.365147,0,199.30134840925584,0,131.40442371368408,0
1596071349.375146,0,199.30134840925584,0,133.20420742034912,0
1596071349.385136,0,199.30134840925584,0,135.00240325927734,0
1596071349.3951278,0,199.30134840925584,0,136.80094242095947,0
1596071349.4051447,0,199.30134840925584,0,138.60398769378662,0
1596071349.4151466,0,199.30134840925584,0,140.40432929992676,0
1596071349.425126,0,199.30134840925584,0,142.2006368637085,0
1596071349.435126,0,199.30134840925584,0,144.00063514709473,0
1596071349.4451263,0,199.30134840925584,0,145.8006763458252,0
1596071349.4551442,0,199.30134840925584,0,147.6038932800293,0
1596071349.465127,0,199.30134840925584,0,149.40080165863037,0
1596071349.4751403,0,199.30134840925584,0,151.20320320129395,0
1596071349.4851356,0,199.30134840925584,0,153.0023431777954,0
1596071349.4951363,0,199.30134840925584,0,154.80247020721436,0
1596071349.5051365,0,199.30134840925584,0,156.60251140594482,0
1596071349.5151331,0,199.30134840925584,0,158.40190887451172,0
1596071349.525144,0,199.30134840925584,0,160.2038812637329,0
1596071349.535135,0,199.30134840925584,0,162.0022487640381,0
1596071349.5451367,0,199.30134840925584,0,163.80254745483398,0
1596071349.5551238,0,199.30134840925584,0,165.60022830963135,0
1596071349.5651379,0,199.30134840925584,0,167.40275859832764,0
1596071349.5751443,0,199.30134840925584,0,169.2039155960083,0
1596071349.5851233,0,199.30134840925584,0,171.00013732910156,0
1596071349.595133,0,199.30134840925584,0,172.80189514160156,0
1596071349.6051402,0,199.30134840925584,0,174.60318088531494,0
1596071349.6151361,0,199.30134840925584,0,176.40244960784912,0
1596071349.6251268,0,199.30134840925584,0,178.20077419281006,0
1596071349.635138,0,199.30134840925584,0,180.0027894973755,0
1596071349.6451437,0,199.30134840925584,0,181.80381774902344,0
1596071349.6551223,0,199.30134840925584,0,183.59995365142822,0
1596071349.6651337,0,199.30134840925584,0,185.4020118713379,0
1596071349.6751397,0,199.30134840925584,0,187.20308303833008,0
1596071349.685145,0,199.30134840925584,0,189.00402545928955,0
1596071349.6951451,0,199.30134840925584,0,190.80406665802002,0
1596071349.7051346,0,199.30134840925584,0,192.60217666625977,0
1596071349.7151296,0,199.30134840925584,0,194.401273727417,0
1596071349.725141,0,199.30134840925584,0,196.20333194732666,0
1596071349.7351377,0,199.30134840925584,0,198.00272941589355,0
1596071349.7451313,0,199.30134840925584,0,199.80156898498535,0
1596071349.7551284,0,199.30134840925584,0,201.60105228424072,0
1596071349.7651248,0,199.30134840925584,0,203.40040683746338,0
1596071349.77513,0,199.30134840925584,0,205.20134925842285,0
1596071349.785139,0,199.30134840925584,0,207.00297832489014,0
1596071349.7951398,0,199.30134840925584,0,208.80310535430908,0
1596071349.805145,0,199.30134840925584,0,210.60404777526855,0
1596071349.8151383,0,199.30134840925584,0,212.4028444290161,0
1596071349.8251402,0,199.30134840925584,0,214.20318603515625,0
1596071349.8351426,0,199.30134840925584,0,216.00361347198486,0
1596071349.845134,0,199.30134840925584,0,217.80206680297852,0
1596071349.8551326,0,199.30134840925584,0,219.60180759429932,0
1596071349.8651385,0,199.30134840925584,0,221.4028787612915,0
1596071349.8751411,0,199.30134840925584,0,223.20334911346436,0
1596071349.8851376,0,199.30134840925584,0,225.002703666687,0
1596071349.895125,0,199.30134840925584,0,226.8004274368286,0
1596071349.9051275,0,199.30134840925584,0,228.60089778900146,0
1596071349.9151452,0,199.30134840925584,0,230.40407180786133,0
1596071349.9251432,0,199.30134840925584,0,232.20372676849365,0
1596071349.9351223,0,199.30134840925584,0,233.9999485015869,0
1596071349.9451418,0,199.30134840925584,0,235.80346584320068,0
1596071349.9551284,0,199.30134840925584,0,237.60106086730957,0
1596071349.9651265,0,199.30134840925584,0,239.4007158279419,0
1596071349.9751236,0,199.30134840925584,0,241.20019912719727,0
1596071349.9851282,0,199.30134840925584,0,243.00101280212402,0
1596071349.9951236,0,199.30134840925584,0,244.80019569396973,0
1596071350.0051365,0,199.30134840925584,0,246.60251140594482,0
1596071350.0151432,0,199.30134840925584,0,248.40371131896973,0
1596071350.0251322,0,199.30134840925584,0,250.201735496521,0
1596071350.035136,0,199.30134840925584,0,252.00242042541504,0
1596071350.0451264,0,199.30134840925584,0,253.80070209503174,0
1596071350.0551455,0,199.30134840925584,0,255.60413360595703,0
1596071350.0651274,0,199.30134840925584,0,257.40087032318115,0
1596071350.07514,0,199.30134840925584,0,259.203143119812,0
1596071350.0851274,0,199.30134840925584,0,261.0008668899536,0
1596071350.0951338,0,199.30134840925584,0,262.8020238876343,0
1596071350.1051223,0,199.30134840925584,0,264.59996223449707,0
1596071350.115138,0,199.30134840925584,0,266.402792930603,0
1596071350.1251457,0,199.30134840925584,0,268.2041645050049,0
1596071350.1351392,0,199.30134840925584,0,270.0030040740967,0
1596071350.145123,0,199.30134840925584,0,271.8000841140747,0
1596071350.15514,0,199.30134840925584,0,273.60312938690186,0
1596071350.165121,0,199.30134840925584,0,275.39973735809326,0
1596071350.1751266,0,199.30134840925584,0,277.200722694397,0
1596071350.1851456,0,199.30134840925584,0,279.00415420532227,0
1596071350.1951306,0,199.30134840925584,0,280.8014488220215,0
1596071350.2051318,0,199.30134840925584,0,282.6016616821289,0
1596071350.2151325,0,199.30134840925584,0,284.40178871154785,0
1596071350.2251265,0,199.30134840925584,0,286.2007141113281,0
1596071350.2351213,0,199.30134840925584,0,287.9997682571411,0
1596071350.245123,0,199.30134840925584,0,289.800066947937,0
1596071350.255121,0,199.30134840925584,0,291.59972190856934,0
1596071350.2651262,0,199.30134840925584,0,293.4006643295288,0
1596071350.2751276,0,199.30134840925584,0,295.20092010498047,0
1596071350.2851346,0,199.30134840925584,0,297.0021629333496,0
1596071350.295128,0,199.30134840925584,0,298.8010025024414,0
1596071350.3051395,0,199.30134840925584,0,300.6030607223511,0
1596071350.3151248,0,199.30134840925584,0,302.40039825439453,0
1596071350.3251376,0,199.30134840925584,0,304.20271396636963,0
1596071350.3351336,0,199.30134840925584,0,306.0019826889038,0
1596071350.3451385,0,199.30134840925584,0,307.80288219451904,0
1596071350.3551402,0,199.30134840925584,0,309.60318088531494,0
1596071350.3651283,0,199.30134840925584,0,311.40103340148926,0
1596071350.3751392,0,199.30134840925584,0,313.20300579071045,0
1596071350.385135,0,199.30134840925584,0,315.0022315979004,0
1596071350.3951437,0,199.30134840925584,0,316.80381774902344,0
1596071350.4051406,0,199.30134840925584,0,318.60325813293457,0
1596071350.4151404,0,199.30134840925584,0,320.40321350097656,0
1596071350.4251256,0,199.30134840925584,0,322.20055103302,0
1596071350.4351392,0,199.30134840925584,0,324.00299549102783,0
1596071350.4451432,0,199.30134840925584,0,325.8037233352661,0
1596071350.4551263,0,199.30134840925584,0,327.6006746292114,0
1596071350.4651456,0,199.30134840925584,0,329.40414905548096,0
1596071350.4751334,0,199.30134840925584,0,331.20195865631104,0
1596071350.4851341,0,199.30134840925584,0,333.00208568573,0
1596071350.495122,0,199.30134840925584,0,334.79989528656006,0
1596071350.505125,0,199.30134840925584,0,336.6004514694214,0
1596071350.515135,0,199.30134840925584,0,338.4022521972656,0
1596071350.525145,0,199.30134840925584,0,340.20405292510986,0
1596071350.5351298,0,199.30134840925584,0,342.00130462646484,0
1596071350.545134,0,199.30134840925584,0,343.80207538604736,0
1596071350.5551298,0,199.30134840925584,0,345.6013011932373,0
1596071350.565121,0,199.30134840925584,0,347.3997116088867,0
1596071350.5751355,0,199.30134840925584,0,349.2023277282715,0
1596071350.5851338,0,199.30134840925584,0,351.00202560424805,0
1596071350.5951428,0,199.30134840925584,0,352.80365467071533,0
1596071350.6051252,0,199.30134840925584,0,354.60047721862793,0
1596071350.6151285,0,199.30134840925584,0,356.4010763168335,0
1596071350.6251223,0,199.30134840925584,0,358.19995880126953,0
1596071350.635139,0,199.30134840925584,0,360,1
1596071350.635139,0,199.30134840925584,0,0,0
1596071350.6451614,0,199.30134840925584,0,1.804032325744629,0
1596071350.655145,0,199.30134840925584,0,3.601069450378418,0
1596071350.665155,0,199.30134840925584,0,5.402870178222656,0
1596071350.675154,0,199.30134840925584,0,7.202696800231934,0
1596071350.6851525,0,199.30134840925584,0,9.002437591552734,0
1596071350.6951427,0,199.30134840925584,0,10.800676345825195,0
1596071350.70515,0,199.30134840925584,0,12.601962089538574,0
1596071350.7151427,0,199.30134840925584,0,14.400672912597656,0
1596071350.7251503,0,199.30134840925584,0,16.20204448699951,0
1596071350.735151,0,199.30134840925584,0,18.002171516418457,0
1596071350.745159,0,199.30134840925584,0,19.80358600616455,0
1596071350.755156,0,199.30134840925584,0,21.603069305419922,0
1596071350.7651627,0,199.30134840925584,0,23.404269218444824,0
1596071350.7751517,0,199.30134840925584,0,25.202293395996094,0
1596071350.7851624,0,199.30134840925584,0,27.004222869873047,0
1596071350.795144,0,199.30134840925584,0,28.80091667175293,0
1596071350.8051605,0,199.30134840925584,0,30.6038761138916,0
1596071350.815161,0,199.30134840925584,0,32.40396022796631,0
1596071350.8251607,0,199.30134840925584,0,34.2039155960083,0
1596071350.835145,0,199.30134840925584,0,36.001081466674805,0
1596071350.8451588,0,199.30134840925584,0,37.803568840026855,0
1596071350.8551536,0,199.30134840925584,0,39.602622985839844,0
1596071350.8651588,0,199.30134840925584,0,41.403565406799316,0
1596071350.875141,0,199.30134840925584,0,43.200345039367676,0
1596071350.8851511,0,199.30134840925584,0,45.00218868255615,0
1596071350.8951476,0,199.30134840925584,0,46.80154323577881,0
1596071350.9051437,0,199.30134840925584,0,48.60085487365723,0
1596071350.9151473,0,199.30134840925584,0,50.40149688720703,0
1596071350.9251618,0,199.30134840925584,0,52.2041130065918,0
1596071350.9351397,0,199.30134840925584,0,54.00012016296387,0
1596071350.945141,0,199.30134840925584,0,55.80037593841553,0
1596071350.9551451,0,199.30134840925584,0,57.60110378265381,0
1596071350.965158,0,199.30134840925584,0,59.403419494628906,0
1596071350.975156,0,199.30134840925584,0,61.20307445526123,0
1596071350.985162,0,199.30134840925584,0,63.00414562225342,0
1596071350.99516,0,199.30134840925584,0,64.80380058288574,0
1596071351.0051546,0,199.30134840925584,0,66.60281181335449,0
1596071351.0151541,0,199.30134840925584,0,68.40272426605225,0
1596071351.0251439,0,199.30134840925584,0,70.20087718963623,0
1596071351.0351388,0,199.30134840925584,0,71.99997425079346,0
1596071351.0451458,0,199.30134840925584,0,73.8012170791626,0
1596071351.055151,0,199.30134840925584,0,75.60215950012207,0
1596071351.065145,0,199.30134840925584,0,77.40108489990234,0
1596071351.0751395,0,199.30134840925584,0,79.2000961303711,0
1596071351.085159,0,199.30134840925584,0,81.00361347198486,0
1596071351.095148,0,199.30134840925584,0,82.80163764953613,0
1596071351.1051595,0,199.30134840925584,0,84.6036958694458,0
1596071351.1151626,0,199.30134840925584,0,86.40425205230713,0
1596071351.1251464,0,199.30134840925584,0,88.20133209228516,0
1596071351.1351514,0,199.30134840925584,0,90.00223159790039,0
1596071351.1451592,0,199.30134840925584,0,91.80364608764648,0
1596071351.1551628,0,199.30134840925584,0,93.60428810119629,0
1596071351.1651564,0,199.30134840925584,0,95.40312767028809,0
1596071351.1751568,0,199.30134840925584,0,97.2032117843628,0
1596071351.1851501,0,199.30134840925584,0,99.00200843811035,0
1596071351.1951604,0,199.30134840925584,0,100.80385208129883,0
1596071351.205149,0,199.30134840925584,0,102.60179042816162,0
1596071351.215147,0,199.30134840925584,0,104.40144538879395,0
1596071351.2251515,0,199.30134840925584,0,106.2022590637207,0
1596071351.2351506,0,199.30134840925584,0,108.00208568572998,0
1596071351.245161,0,199.30134840925584,0,109.8039722442627,0
1596071351.255149,0,199.30134840925584,0,111.60178184509277,0
1596071351.265162,0,199.30134840925584,0,113.40414047241211,0
1596071351.2751536,0,199.30134840925584,0,115.20263671875,0
1596071351.2851403,0,199.30134840925584,0,117.00023174285889,0
1596071351.2951431,0,199.30134840925584,0,118.80074501037598,0
1596071351.3051481,0,199.30134840925584,0,120.60164451599121,0
1596071351.3151412,0,199.30134840925584,0,122.40039825439453,0
1596071351.325154,0,199.30134840925584,0,124.20271396636963,0
1596071351.335159,0,199.30134840925584,0,126.00361347198486,0
1596071351.345153,0,199.30134840925584,0,127.80253887176514,0
1596071351.355152,0,199.30134840925584,0,129.60232257843018,0
1596071351.3651547,0,199.30134840925584,0,131.40283584594727,0
1596071351.3751426,0,199.30134840925584,0,133.20064544677734,0
1596071351.3851576,0,199.30134840925584,0,135.0033473968506,0
1596071351.3951502,0,199.30134840925584,0,136.80201530456543,0
1596071351.4051547,0,199.30134840925584,0,138.6028289794922,0
1596071351.4151592,0,199.30134840925584,0,140.40364265441895,0
1596071351.4251454,0,199.30134840925584,0,142.20115184783936,0
1596071351.4351406,0,199.30134840925584,0,144.00029182434082,0
1596071351.4451604,0,199.30134840925584,0,145.80385208129883,0
1596071351.4551492,0,199.30134840925584,0,147.60183334350586,0
1596071351.4651554,0,199.30134840925584,0,149.40294742584229,0
1596071351.4751558,0,199.30134840925584,0,151.203031539917,0
1596071351.4851546,0,199.30134840925584,0,153.00281524658203,0
1596071351.495161,0,199.30134840925584,0,154.8039722442627,0
1596071351.5051503,0,199.30134840925584,0,156.6020393371582,0
1596071351.515144,0,199.30134840925584,0,158.40092182159424,0
1596071351.5251412,0,199.30134840925584,0,160.2004051208496,0
1596071351.5351493,0,199.30134840925584,0,162.00186252593994,0
1596071351.5451484,0,199.30134840925584,0,163.80168914794922,0
1596071351.5551438,0,199.30134840925584,0,165.60087203979492,0
1596071351.565138,0,199.30134840925584,0,167.39984035491943,0
1596071351.5751383,0,199.30134840925584,0,169.1998815536499,0
1596071351.585152,0,199.30134840925584,0,171.00232601165771,0
1596071351.5951545,0,199.30134840925584,0,172.80279636383057,0
1596071351.60515,0,199.30134840925584,0,174.60197925567627,0
1596071351.6151617,0,199.30134840925584,0,176.40408039093018,0
1596071351.625159,0,199.30134840925584,0,178.20360660552979,0
1596071351.6351483,0,199.30134840925584,0,180.0016736984253,0
1596071351.6451457,0,199.30134840925584,0,181.8011999130249,0
1596071351.6551526,0,199.30134840925584,0,183.60244274139404,0
1596071351.6651525,0,199.30134840925584,0,185.40244102478027,0
1596071351.675155,0,199.30134840925584,0,187.2028684616089,0
1596071351.685139,0,199.30134840925584,0,188.99999141693115,0
1596071351.6951592,0,199.30134840925584,0,190.80363750457764,0
1596071351.7051585,0,199.30134840925584,0,192.60350704193115,0
1596071351.715147,0,199.30134840925584,0,194.40144538879395,0
1596071351.7251563,0,199.30134840925584,0,196.20311737060547,0
1596071351.7351513,0,199.30134840925584,0,198.0022144317627,0
1596071351.7451384,0,199.30134840925584,0,199.79989528656006,0
1596071351.755156,0,199.30134840925584,0,201.60306930541992,0
1596071351.7651472,0,199.30134840925584,0,203.40147972106934,0
1596071351.7751544,0,199.30134840925584,0,205.20276546478271,0
1596071351.7851543,0,199.30134840925584,0,207.00276374816895,0
1596071351.7951422,0,199.30134840925584,0,208.80057334899902,0
1596071351.8051507,0,199.30134840925584,0,210.60211658477783,0
1596071351.8151534,0,199.30134840925584,0,212.40258693695068,0
1596071351.8251498,0,199.30134840925584,0,214.20194149017334,0
1596071351.835159,0,199.30134840925584,0,216.00361347198486,0
1596071351.8451505,0,199.30134840925584,0,217.80206680297852,0
1596071351.855154,0,199.30134840925584,0,219.60270881652832,0
1596071351.8651502,0,199.30134840925584,0,221.40202045440674,0
1596071351.8751564,0,199.30134840925584,0,223.20313453674316,0
1596071351.8851392,0,199.30134840925584,0,225.00004291534424,0
1596071351.8951411,0,199.30134840925584,0,226.80038452148438,0
1596071351.905138,0,199.30134840925584,0,228.5998249053955,0
1596071351.9151404,0,199.30134840925584,0,230.40025234222412,0
1596071351.9251516,0,199.30134840925584,0,232.20226764678955,0
1596071351.9351523,0,199.30134840925584,0,234.0023946762085,0
1596071351.9451513,0,199.30134840925584,0,235.80222129821777,0
1596071351.9551575,0,199.30134840925584,0,237.6033353805542,0
1596071351.9651446,0,199.30134840925584,0,239.40101623535156,0
1596071351.9751403,0,199.30134840925584,0,241.2002420425415,0
1596071351.9851449,0,199.30134840925584,0,243.00105571746826,0
1596071351.995138,0,199.30134840925584,0,244.79980945587158,0
1596071352.0051575,0,199.30134840925584,0,246.60332679748535,0
1596071352.0151515,0,199.30134840925584,0,248.40225219726562,0
1596071352.0251515,0,199.30134840925584,0,250.20225048065186,0
1596071352.0351431,0,199.30134840925584,0,252.00074672698975,0
1596071352.0451512,0,199.30134840925584,0,253.80220413208008,0
1596071352.0551414,0,199.30134840925584,0,255.60044288635254,0
1596071352.0651567,0,199.30134840925584,0,257.40318775177,0
1596071352.075153,0,199.30134840925584,0,259.2025423049927,0
1596071352.0851414,0,199.30134840925584,0,261.00043773651123,0
1596071352.0951433,0,199.30134840925584,0,262.80077934265137,0
1596071352.1051438,0,199.30134840925584,0,264.6008634567261,0
1596071352.1151478,0,199.30134840925584,0,266.40159130096436,0
1596071352.1251442,0,199.30134840925584,0,268.200945854187,0
1596071352.1351485,0,199.30134840925584,0,270.00171661376953,0
1596071352.145152,0,199.30134840925584,0,271.80235862731934,0
1596071352.1551597,0,199.30134840925584,0,273.6037302017212,0
1596071352.1651535,0,199.30134840925584,0,275.4026126861572,0
1596071352.1751606,0,199.30134840925584,0,277.2038984298706,0
1596071352.18516,0,199.30134840925584,0,279.0037679672241,0
1596071352.1951458,0,199.30134840925584,0,280.8012342453003,0
1596071352.2051601,0,199.30134840925584,0,282.6038074493408,0
1596071352.215144,0,199.30134840925584,0,284.40088748931885,0
1596071352.2251537,0,199.30134840925584,0,286.20264530181885,0
1596071352.2351437,0,199.30134840925584,0,288.00084114074707,0
1596071352.2451613,0,199.30134840925584,0,289.80401515960693,0
1596071352.2551477,0,199.30134840925584,0,291.6015672683716,0
1596071352.2651548,0,199.30134840925584,0,293.40285301208496,0
1596071352.275143,0,199.30134840925584,0,295.2007055282593,0
1596071352.2851617,0,199.30134840925584,0,297.00409412384033,0
1596071352.2951605,0,199.30134840925584,0,298.80387783050537,0
1596071352.3051412,0,199.30134840925584,0,300.6003999710083,0
1596071352.3151517,0,199.30134840925584,0,302.402286529541,0
1596071352.3251448,0,199.30134840925584,0,304.20104026794434,0
1596071352.33514,0,199.30134840925584,0,306.0001802444458,0
1596071352.3451421,0,199.30134840925584,0,307.8005647659302,0
1596071352.35516,0,199.30134840925584,0,309.6037817001343,0
1596071352.3651564,0,199.30134840925584,0,311.40313625335693,0
1596071352.3751388,0,199.30134840925584,0,313.19995880126953,0
1596071352.3851504,0,199.30134840925584,0,315.00205993652344,0
1596071352.3951375,0,199.30134840925584,0,316.7997407913208,0
1596071352.405138,0,199.30134840925584,0,318.5998249053955,0
1596071352.4151442,0,199.30134840925584,0,320.40093898773193,0
1596071352.4251513,0,199.30134840925584,0,322.2022247314453,0
1596071352.4351592,0,199.30134840925584,0,324.0036392211914,0
1596071352.44515,0,199.30134840925584,0,325.80196380615234,0
1596071352.45515,0,199.30134840925584,0,327.6019620895386,0
1596071352.4651504,0,199.30134840925584,0,329.4020462036133,0
1596071352.47514,0,199.30134840925584,0,331.20019912719727,0
1596071352.485151,0,199.30134840925584,0,333.00217151641846,0
1596071352.4951372,0,199.30134840925584,0,334.79968070983887,0
1596071352.505155,0,199.30134840925584,0,336.60289764404297,0
1596071352.5151422,0,199.30134840925584,0,338.40057849884033,0
1596071352.525157,0,199.30134840925584,0,340.20323753356934,0
1596071352.535138,0,199.30134840925584,0,341.9998025894165,0
1596071352.5451539,0,199.30134840925584,0,343.8026762008667,0
1596071352.555142,0,199.30134840925584,0,345.600528717041,0
1596071352.5651376,0,199.30134840925584,0,347.39975452423096,0
1596071352.5751603,0,199.30134840925584,0,349.2038297653198,0
1596071352.5851579,0,199.30134840925584,0,351.0033988952637,0
1596071352.595159,0,199.30134840925584,0,352.8036117553711,0
1596071352.6051505,0,199.30134840925584,0,354.60206508636475,0
1596071352.6151614,0,199.30134840925584,0,356.40403747558594,0
1596071352.6251526,0,199.30134840925584,0,358.20244789123535,0
1596071352.6351469,0,199.30134840925584,0,360,1
1596071352.6351469,0,199.30134840925584,0,0,0
1596071352.6451712,0,199.30134840925584,0,1.8043756484985352,0
1596071352.655171,0,199.30134840925584,0,3.6043310165405273,0
1596071352.6651719,0,199.30134840925584,0,5.404500961303711,0
1596071352.6751606,0,199.30134840925584,0,7.202482223510742,0
1596071352.6851468,0,199.30134840925584,0,8.999991416931152,0
1596071352.695147,0,199.30134840925584,0,10.800032615661621,0
1596071352.7051654,0,199.30134840925584,0,12.6033353805542,0
1596071352.7151556,0,199.30134840925584,0,14.40157413482666,0
1596071352.7251606,0,199.30134840925584,0,16.202473640441895,0
1596071352.7351587,0,199.30134840925584,0,18.00212860107422,0
1596071352.745152,0,199.30134840925584,0,19.800925254821777,0
1596071352.7551467,0,199.30134840925584,0,21.599979400634766,0
1596071352.7651582,0,199.30134840925584,0,23.402037620544434,0
1596071352.7751582,0,199.30134840925584,0,25.202035903930664,0
1596071352.7851603,0,199.30134840925584,0,27.00242042541504,0
1596071352.7951667,0,199.30134840925584,0,28.803577423095703,0
1596071352.8051581,0,199.30134840925584,0,30.602030754089355,0
1596071352.8151643,0,199.30134840925584,0,32.40314483642578,0
1596071352.8251576,0,199.30134840925584,0,34.20194149017334,0
1596071352.8351514,0,199.30134840925584,0,36.000823974609375,0
1596071352.8451688,0,199.30134840925584,0,37.803955078125,0
1596071352.8551474,0,199.30134840925584,0,39.600090980529785,0
1596071352.8651466,0,199.30134840925584,0,41.3999605178833,0
1596071352.8751495,0,199.30134840925584,0,43.20047378540039,0
1596071352.8851686,0,199.30134840925584,0,45.003905296325684,0
1596071352.8951485,0,199.30134840925584,0,46.8002986907959,0
1596071352.9051592,0,199.30134840925584,0,48.60222816467285,0
1596071352.9151552,0,199.30134840925584,0,50.40149688720703,0
1596071352.9251647,0,199.30134840925584,0,52.20321178436279,0
1596071352.9351501,0,199.30134840925584,0,54.00059223175049,0
1596071352.9451466,0,199.30134840925584,0,55.799946784973145,0
1596071352.955154,0,199.30134840925584,0,57.60127544403076,0
1596071352.9651618,0,199.30134840925584,0,59.402689933776855,0
1596071352.9751608,0,199.30134840925584,0,61.20251655578613,0
1596071352.9851665,0,199.30134840925584,0,63.00354480743408,0
1596071352.9951518,0,199.30134840925584,0,64.80088233947754,0
1596071353.005163,0,199.30134840925584,0,66.60289764404297,0
1596071353.0151508,0,199.30134840925584,0,68.40070724487305,0
1596071353.025166,0,199.30134840925584,0,70.20345211029053,0
1596071353.035156,0,199.30134840925584,0,72.00164794921875,0
1596071353.0451534,0,199.30134840925584,0,73.80117416381836,0
1596071353.0551627,0,199.30134840925584,0,75.60284614562988,0
1596071353.0651715,0,199.30134840925584,0,77.40443229675293,0
1596071353.0751505,0,199.30134840925584,0,79.20065402984619,0
1596071353.085159,0,199.30134840925584,0,81.002197265625,0
1596071353.0951598,0,199.30134840925584,0,82.80232429504395,0
1596071353.1051507,0,199.30134840925584,0,84.60069179534912,0
1596071353.1151674,0,199.30134840925584,0,86.40369415283203,0
1596071353.1251502,0,199.30134840925584,0,88.2006025314331,0
1596071353.1351597,0,199.30134840925584,0,90.00231742858887,0
1596071353.1451695,0,199.30134840925584,0,91.80407524108887,0
1596071353.1551554,0,199.30134840925584,0,93.60154151916504,0
1596071353.1651638,0,199.30134840925584,0,95.40304183959961,0
1596071353.1751525,0,199.30134840925584,0,97.20102310180664,0
1596071353.1851628,0,199.30134840925584,0,99.00286674499512,0
1596071353.1951642,0,199.30134840925584,0,100.80312252044678,0
1596071353.205156,0,199.30134840925584,0,102.6016616821289,0
1596071353.2151494,0,199.30134840925584,0,104.40045833587646,0
1596071353.2251673,0,199.30134840925584,0,106.20367527008057,0
1596071353.2351542,0,199.30134840925584,0,108.00131320953369,0
1596071353.245159,0,199.30134840925584,0,109.80216979980469,0
1596071353.255154,0,199.30134840925584,0,111.60126686096191,0
1596071353.2651653,0,199.30134840925584,0,113.40332508087158,0
1596071353.2751622,0,199.30134840925584,0,115.20276546478271,0
1596071353.2851582,0,199.30134840925584,0,117.0020341873169,0
1596071353.2951474,0,199.30134840925584,0,118.8001012802124,0
1596071353.305169,0,199.30134840925584,0,120.60400485992432,0
1596071353.315155,0,199.30134840925584,0,122.40147113800049,0
1596071353.3251655,0,199.30134840925584,0,124.2033576965332,0
1596071353.3351626,0,199.30134840925584,0,126.00284099578857,0
1596071353.3451707,0,199.30134840925584,0,127.8042984008789,0
1596071353.3551528,0,199.30134840925584,0,129.60107803344727,0
1596071353.3651671,0,199.30134840925584,0,131.4036512374878,0
1596071353.3751643,0,199.30134840925584,0,133.20313453674316,0
1596071353.3851688,0,199.30134840925584,0,135.00394821166992,0
1596071353.3951483,0,199.30134840925584,0,136.80025577545166,0
1596071353.4051478,0,199.30134840925584,0,138.6001682281494,0
1596071353.4151545,0,199.30134840925584,0,140.40136814117432,0
1596071353.4251697,0,199.30134840925584,0,142.2041130065918,0
1596071353.435164,0,199.30134840925584,0,144.0030813217163,0
1596071353.4451504,0,199.30134840925584,0,145.80063343048096,0
1596071353.455168,0,199.30134840925584,0,147.60380744934082,0
1596071353.4651592,0,199.30134840925584,0,149.40221786499023,0
1596071353.4751577,0,199.30134840925584,0,151.20195865631104,0
1596071353.4851525,0,199.30134840925584,0,153.00101280212402,0
1596071353.4951665,0,199.30134840925584,0,154.8035430908203,0
1596071353.5051484,0,199.30134840925584,0,156.60027980804443,0
1596071353.5151603,0,199.30134840925584,0,158.40242385864258,0
1596071353.5251598,0,199.30134840925584,0,160.20233631134033,0
1596071353.5351553,0,199.30134840925584,0,162.00151920318604,0
1596071353.5451689,0,199.30134840925584,0,163.80396366119385,0
1596071353.5551622,0,199.30134840925584,0,165.6027603149414,0
1596071353.5651574,0,199.30134840925584,0,167.40190029144287,0
1596071353.5751538,0,199.30134840925584,0,169.20125484466553,0
1596071353.5851467,0,199.30134840925584,0,170.9999656677246,0
1596071353.5951488,0,199.30134840925584,0,172.80035018920898,0
1596071353.605153,0,199.30134840925584,0,174.6011209487915,0
1596071353.615167,0,199.30134840925584,0,176.40360832214355,0
1596071353.625167,0,199.30134840925584,0,178.20360660552979,0
1596071353.6351542,0,199.30134840925584,0,180.0013303756714,0
1596071353.64515,0,199.30134840925584,0,181.80055618286133,0
1596071353.6551688,0,199.30134840925584,0,183.60394477844238,0
1596071353.6651623,0,199.30134840925584,0,185.40278434753418,0
1596071353.6751578,0,199.30134840925584,0,187.20196723937988,0
1596071353.6851513,0,199.30134840925584,0,189.00080680847168,0
1596071353.6951687,0,199.30134840925584,0,190.8039379119873,0
1596071353.705155,0,199.30134840925584,0,192.60144710540771,0
1596071353.7151706,0,199.30134840925584,0,194.40427780151367,0
1596071353.7251656,0,199.30134840925584,0,196.2033748626709,0
1596071353.7351675,0,199.30134840925584,0,198.00371646881104,0
1596071353.7451475,0,199.30134840925584,0,199.80010986328125,0
1596071353.7551475,0,199.30134840925584,0,201.60010814666748,0
1596071353.7651625,0,199.30134840925584,0,203.40281009674072,0
1596071353.775166,0,199.30134840925584,0,205.20345211029053,0
1596071353.7851632,0,199.30134840925584,0,207.0029354095459,0
1596071353.7951586,0,199.30134840925584,0,208.8021183013916,0
1596071353.8051512,0,199.30134840925584,0,210.60078620910645,0
1596071353.8151488,0,199.30134840925584,0,212.4003553390503,0
1596071353.8251586,0,199.30134840925584,0,214.2021131515503,0
1596071353.835166,0,199.30134840925584,0,216.0034418106079,0
1596071353.8451567,0,199.30134840925584,0,217.80176639556885,0
1596071353.8551486,0,199.30134840925584,0,219.60030555725098,0
1596071353.865168,0,199.30134840925584,0,221.40382289886475,0
1596071353.875162,0,199.30134840925584,0,223.20270538330078,0
1596071353.8851573,0,199.30134840925584,0,225.00188827514648,0
1596071353.89516,0,199.30134840925584,0,226.80235862731934,0
1596071353.9051542,0,199.30134840925584,0,228.60132694244385,0
1596071353.9151585,0,199.30134840925584,0,230.40209770202637,0
1596071353.9251487,0,199.30134840925584,0,232.20033645629883,0
1596071353.9351695,0,199.30134840925584,0,234.0040683746338,0
1596071353.9451628,0,199.30134840925584,0,235.80286502838135,0
1596071353.9551656,0,199.30134840925584,0,237.60337829589844,0
1596071353.9651508,0,199.30134840925584,0,239.4007158279419,0
1596071353.9751534,0,199.30134840925584,0,241.20118618011475,0
1596071353.9851496,0,199.30134840925584,0,243.00049781799316,0
1596071353.9951708,0,199.30134840925584,0,244.8043155670166,0
1596071354.0051475,0,199.30134840925584,0,246.60010814666748,0
1596071354.0151505,0,199.30134840925584,0,248.4006643295288,0
1596071354.025158,0,199.30134840925584,0,250.20199298858643,0
1596071354.035147,0,199.30134840925584,0,252.0000171661377,0
1596071354.0451531,0,199.30134840925584,0,253.80113124847412,0
1596071354.055154,0,199.30134840925584,0,255.6013011932373,0
1596071354.0651698,0,199.30134840925584,0,257.40413188934326,0
1596071354.0751493,0,199.30134840925584,0,259.200439453125,0
1596071354.0851614,0,199.30134840925584,0,261.0026264190674,0
1596071354.0951455,0,199.30134840925584,0,262.79974937438965,0
1596071354.105156,0,199.30134840925584,0,264.60163593292236,0
1596071354.115153,0,199.30134840925584,0,266.40111923217773,0
1596071354.1251476,0,199.30134840925584,0,268.2001304626465,0
1596071354.135154,0,199.30134840925584,0,270.00128746032715,0
1596071354.1451695,0,199.30134840925584,0,271.80407524108887,0
1596071354.155164,0,199.30134840925584,0,273.6030864715576,0
1596071354.1651702,0,199.30134840925584,0,275.40420055389404,0
1596071354.175168,0,199.30134840925584,0,277.20381259918213,0
1596071354.1851602,0,199.30134840925584,0,279.0023946762085,0
1596071354.1951697,0,199.30134840925584,0,280.80410957336426,0
1596071354.2051644,0,199.30134840925584,0,282.60316371917725,0
1596071354.2151506,0,199.30134840925584,0,284.40067291259766,0
1596071354.2251585,0,199.30134840925584,0,286.20208740234375,0
1596071354.2351577,0,199.30134840925584,0,288.00195693969727,0
1596071354.245151,0,199.30134840925584,0,289.8007535934448,0
1596071354.2551513,0,199.30134840925584,0,291.6007947921753,0
1596071354.265147,0,199.30134840925584,0,293.40002059936523,0
1596071354.2751591,0,199.30134840925584,0,295.2022075653076,0
1596071354.2851472,0,199.30134840925584,0,297.00006008148193,0
1596071354.2951589,0,199.30134840925584,0,298.80216121673584,0
1596071354.3051608,0,199.30134840925584,0,300.602502822876,0
1596071354.3151612,0,199.30134840925584,0,302.4025869369507,0
1596071354.325164,0,199.30134840925584,0,304.2031002044678,0
1596071354.335157,0,199.30134840925584,0,306.00181102752686,0
1596071354.3451464,0,199.30134840925584,0,307.7999210357666,0
1596071354.3551672,0,199.30134840925584,0,309.60365295410156,0
1596071354.3651638,0,199.30134840925584,0,311.40305042266846,0
1596071354.3751464,0,199.30134840925584,0,313.1999158859253,0
1596071354.3851635,0,199.30134840925584,0,315.0030040740967,0
1596071354.3951554,0,199.30134840925584,0,316.8015432357788,0
1596071354.405157,0,199.30134840925584,0,318.6018419265747,0
1596071354.415154,0,199.30134840925584,0,320.40128231048584,0
1596071354.4251523,0,199.30134840925584,0,322.2009801864624,0
1596071354.4351668,0,199.30134840925584,0,324.00359630584717,0
1596071354.4451559,0,199.30134840925584,0,325.80162048339844,0
1596071354.4551532,0,199.30134840925584,0,327.60114669799805,0
1596071354.465157,0,199.30134840925584,0,329.4018316268921,0
1596071354.4751508,0,199.30134840925584,0,331.2007141113281,0
1596071354.4851673,0,199.30134840925584,0,333.0036735534668,0
1596071354.4951684,0,199.30134840925584,0,334.8038864135742,0
1596071354.5051541,0,199.30134840925584,0,336.60130977630615,0
1596071354.5151527,0,199.30134840925584,0,338.40105056762695,0
1596071354.5251656,0,199.30134840925584,0,340.20336627960205,0
1596071354.535163,0,199.30134840925584,0,342.00289249420166,0
1596071354.5451512,0,199.30134840925584,0,343.8007879257202,0
1596071354.5551646,0,199.30134840925584,0,345.6031894683838,0
1596071354.565158,0,199.30134840925584,0,347.40198612213135,0
1596071354.5751624,0,199.30134840925584,0,349.2027997970581,0
1596071354.5851583,0,199.30134840925584,0,351.0020685195923,0
1596071354.595156,0,199.30134840925584,0,352.80163764953613,0
1596071354.605163,0,199.30134840925584,0,354.6029233932495,0
1596071354.615148,0,199.30134840925584,0,356.40021800994873,0
1596071354.625162,0,199.30134840925584,0,358.2027053833008,0
1596071354.635155,0,199.30134840925584,0,360,1
1596071354.635155,0,199.30134840925584,0,0,0
1596071354.6451623,0,199.30134840925584,0,1.8013286590576172,0
1596071354.6551554,0,199.30134840925584,0,3.6000823974609375,0
1596071354.6651723,0,199.30134840925584,0,5.403127670288086,0
1596071354.675173,0,199.30134840925584,0,7.203254699707031,0
1596071354.6851773,0,199.30134840925584,0,9.00402545928955,0
1596071354.6951675,0,199.30134840925584,0,10.802264213562012,0
1596071354.7051773,0,199.30134840925584,0,12.604022026062012,0
1596071354.7151642,0,199.30134840925584,0,14.401659965515137,0
1596071354.7251563,0,199.30134840925584,0,16.200242042541504,0
1596071354.7351642,0,199.30134840925584,0,18.001656532287598,0
1596071354.7451549,0,199.30134840925584,0,19.799981117248535,0
1596071354.7551687,0,199.30134840925584,0,21.602468490600586,0
1596071354.7651675,0,199.30134840925584,0,23.402252197265625,0
1596071354.775156,0,199.30134840925584,0,25.200190544128418,0
1596071354.7851777,0,199.30134840925584,0,27.004094123840332,0
1596071354.7951696,0,199.30134840925584,0,28.80263328552246,0
1596071354.8051646,0,199.30134840925584,0,30.601730346679688,0
1596071354.8151567,0,199.30134840925584,0,32.400312423706055,0
1596071354.8251557,0,199.30134840925584,0,34.20013904571533,0
1596071354.8351674,0,199.30134840925584,0,36.00224018096924,0
1596071354.8451688,0,199.30134840925584,0,37.8024959564209,0
1596071354.8551786,0,199.30134840925584,0,39.6042537689209,0
1596071354.8651726,0,199.30134840925584,0,41.40317916870117,0
1596071354.8751657,0,199.30134840925584,0,43.20193290710449,0
1596071354.885175,0,199.30134840925584,0,45.003604888916016,0
1596071354.8951643,0,199.30134840925584,0,46.80167198181152,0
1596071354.9051754,0,199.30134840925584,0,48.60368728637695,0
1596071354.9151583,0,199.30134840925584,0,50.40059566497803,0
1596071354.9251683,0,199.30134840925584,0,52.202396392822266,0
1596071354.9351783,0,199.30134840925584,0,54.004197120666504,0
1596071354.9451783,0,199.30134840925584,0,55.804195404052734,0
1596071354.9551659,0,199.30134840925584,0,57.601962089538574,0
1596071354.9651659,0,199.30134840925584,0,59.401960372924805,0
1596071354.9751554,0,199.30134840925584,0,61.20007038116455,0
1596071354.9851606,0,199.30134840925584,0,63.00101280212402,0
1596071354.9951646,0,199.30134840925584,0,64.8017406463623,0
1596071355.0051622,0,199.30134840925584,0,66.60130977630615,0
1596071355.0151715,0,199.30134840925584,0,68.40298175811768,0
1596071355.0251698,0,199.30134840925584,0,70.20267963409424,0
1596071355.0351717,0,199.30134840925584,0,72.00302124023438,0
1596071355.045178,0,199.30134840925584,0,73.8041353225708,0
1596071355.0551715,0,199.30134840925584,0,75.6029748916626,0
1596071355.0651782,0,199.30134840925584,0,77.4041748046875,0
1596071355.0751667,0,199.30134840925584,0,79.2021131515503,0
1596071355.0851626,0,199.30134840925584,0,81.00138187408447,0
1596071355.0951712,0,199.30134840925584,0,82.80292510986328,0
1596071355.105176,0,199.30134840925584,0,84.60378170013428,0
1596071355.1151645,0,199.30134840925584,0,86.40172004699707,0
1596071355.1251745,0,199.30134840925584,0,88.20352077484131,0
1596071355.1351697,0,199.30134840925584,0,90.00266075134277,0
1596071355.1451652,0,199.30134840925584,0,91.80184364318848,0
1596071355.1551657,0,199.30134840925584,0,93.60192775726318,0
1596071355.1651587,0,199.30134840925584,0,95.4006814956665,0
1596071355.1751647,0,199.30134840925584,0,97.20175266265869,0
1596071355.1851585,0,199.30134840925584,0,99.00063514709473,0
1596071355.1951613,0,199.30134840925584,0,100.80114841461182,0
1596071355.205168,0,199.30134840925584,0,102.60234832763672,0
1596071355.2151716,0,199.30134840925584,0,104.40299034118652,0
1596071355.2251735,0,199.30134840925584,0,106.20333194732666,0
1596071355.2351584,0,199.30134840925584,0,108.00062656402588,0
1596071355.2451618,0,199.30134840925584,0,109.80122566223145,0
1596071355.2551627,0,199.30134840925584,0,111.60139560699463,0
1596071355.2651782,0,199.30134840925584,0,113.40418338775635,0
1596071355.2751637,0,199.30134840925584,0,115.20156383514404,0
1596071355.285177,0,199.30134840925584,0,117.00396537780762,0
1596071355.2951665,0,199.30134840925584,0,118.80207538604736,0
1596071355.3051627,0,199.30134840925584,0,120.60138702392578,0
1596071355.3151624,0,199.30134840925584,0,122.40134239196777,0
1596071355.3251772,0,199.30134840925584,0,124.20400142669678,0
1596071355.3351693,0,199.30134840925584,0,126.00258350372314,0
1596071355.3451755,0,199.30134840925584,0,127.80369758605957,0
1596071355.3551776,0,199.30134840925584,0,129.60408210754395,0
1596071355.3651786,0,199.30134840925584,0,131.40425205230713,0
1596071355.3751647,0,199.30134840925584,0,133.20176124572754,0
1596071355.3851743,0,199.30134840925584,0,135.0034761428833,0
1596071355.3951585,0,199.30134840925584,0,136.8006420135498,0
1596071355.4051692,0,199.30134840925584,0,138.60257148742676,0
1596071355.4151595,0,199.30134840925584,0,140.40081024169922,0
1596071355.425175,0,199.30134840925584,0,142.20359802246094,0
1596071355.4351718,0,199.30134840925584,0,144.00303840637207,0
1596071355.4451697,0,199.30134840925584,0,145.80265045166016,0
1596071355.4551744,0,199.30134840925584,0,147.60350704193115,0
1596071355.4651594,0,199.30134840925584,0,149.40080165863037,0
1596071355.4751544,0,199.30134840925584,0,151.1998987197876,0
1596071355.4851587,0,199.30134840925584,0,153.00066947937012,0
1596071355.4951682,0,199.30134840925584,0,154.80238437652588,0
1596071355.5051653,0,199.30134840925584,0,156.60186767578125,0
1596071355.5151758,0,199.30134840925584,0,158.40375423431396,0
1596071355.5251737,0,199.30134840925584,0,160.20336627960205,0
1596071355.535165,0,199.30134840925584,0,162.0018196105957,0
1596071355.5451753,0,199.30134840925584,0,163.80366325378418,0
1596071355.5551627,0,199.30134840925584,0,165.60138702392578,0
1596071355.5651567,0,199.30134840925584,0,167.40031242370605,0
1596071355.5751743,0,199.30134840925584,0,169.20348644256592,0
1596071355.585171,0,199.30134840925584,0,171.0028839111328,0
1596071355.5951693,0,199.30134840925584,0,172.80258178710938,0
1596071355.6051712,0,199.30134840925584,0,174.6029233932495,0
1596071355.6151612,0,199.30134840925584,0,176.40111923217773,0
1596071355.625162,0,199.30134840925584,0,178.20124626159668,0
1596071355.6351721,0,199.30134840925584,0,180.00308990478516,0
1596071355.6451669,0,199.30134840925584,0,181.80214405059814,0
1596071355.655175,0,199.30134840925584,0,183.60360145568848,0
1596071355.6651647,0,199.30134840925584,0,185.40175437927246,0
1596071355.6751778,0,199.30134840925584,0,187.2041130065918,0
1596071355.6851664,0,199.30134840925584,0,189.0020513534546,0
1596071355.6951544,0,199.30134840925584,0,190.7999038696289,0
1596071355.7051678,0,199.30134840925584,0,192.60230541229248,0
1596071355.715172,0,199.30134840925584,0,194.403076171875,0
1596071355.725168,0,199.30134840925584,0,196.20234489440918,0
1596071355.7351606,0,199.30134840925584,0,198.00101280212402,0
1596071355.7451715,0,199.30134840925584,0,199.80298519134521,0
1596071355.7551558,0,199.30134840925584,0,201.60015106201172,0
1596071355.7651699,0,199.30134840925584,0,203.402681350708,0
1596071355.77516,0,199.30134840925584,0,205.20092010498047,0
1596071355.7851746,0,199.30134840925584,0,207.00353622436523,0
1596071355.7951586,0,199.30134840925584,0,208.8006591796875,0
1596071355.8051744,0,199.30134840925584,0,210.60348987579346,0
1596071355.8151557,0,199.30134840925584,0,212.4001407623291,0
1596071355.8251653,0,199.30134840925584,0,214.20185565948486,0
1596071355.8351648,0,199.30134840925584,0,216.00176811218262,0
1596071355.8451674,0,199.30134840925584,0,217.80223846435547,0
1596071355.8551543,0,199.30134840925584,0,219.5998764038086,0
1596071355.8651705,0,199.30134840925584,0,221.40279293060303,0
1596071355.8751578,0,199.30134840925584,0,223.20051670074463,0
1596071355.885156,0,199.30134840925584,0,225.00017166137695,0
1596071355.8951619,0,199.30134840925584,0,226.80124282836914,0
1596071355.9051628,0,199.30134840925584,0,228.60141277313232,0
1596071355.9151623,0,199.30134840925584,0,230.40132522583008,0
1596071355.9251604,0,199.30134840925584,0,232.2009801864624,0
1596071355.9351754,0,199.30134840925584,0,234.00368213653564,0
1596071355.9451585,0,199.30134840925584,0,235.80063343048096,0
1596071355.9551573,0,199.30134840925584,0,237.600417137146,0
1596071355.965178,0,199.30134840925584,0,239.40414905548096,0
1596071355.9751732,0,199.30134840925584,0,241.20328903198242,0
1596071355.9851665,0,199.30134840925584,0,243.00208568572998,0
1596071355.995158,0,199.30134840925584,0,244.80053901672363,0
1596071356.00517,0,199.30134840925584,0,246.60272598266602,0
1596071356.0151594,0,199.30134840925584,0,248.40079307556152,0
1596071356.0251708,0,199.30134840925584,0,250.2028512954712,0
1596071356.0351717,0,199.30134840925584,0,252.00302124023438,0
1596071356.045155,0,199.30134840925584,0,253.80001544952393,0
1596071356.0551744,0,199.30134840925584,0,255.60348987579346,0
1596071356.0651565,0,199.30134840925584,0,257.4002695083618,0
1596071356.075156,0,199.30134840925584,0,259.20018196105957,0
1596071356.085174,0,199.30134840925584,0,261.0034418106079,0
1596071356.0951579,0,199.30134840925584,0,262.80052185058594,0
1596071356.1051552,0,199.30134840925584,0,264.60004806518555,0
1596071356.115171,0,199.30134840925584,0,266.4028787612915,0
1596071356.125165,0,199.30134840925584,0,268.2018041610718,0
1596071356.1351647,0,199.30134840925584,0,270.00175952911377,0
1596071356.1451564,0,199.30134840925584,0,271.80025577545166,0
1596071356.155161,0,199.30134840925584,0,273.6010694503784,0
1596071356.1651628,0,199.30134840925584,0,275.40141105651855,0
1596071356.1751592,0,199.30134840925584,0,277.2007656097412,0
1596071356.1851635,0,199.30134840925584,0,279.00153636932373,0
1596071356.1951568,0,199.30134840925584,0,280.8003330230713,0
1596071356.2051668,0,199.30134840925584,0,282.6021337509155,0
1596071356.2151706,0,199.30134840925584,0,284.40281867980957,0
1596071356.2251754,0,199.30134840925584,0,286.20367527008057,0
1596071356.2351584,0,199.30134840925584,0,288.0006265640259,0
1596071356.245157,0,199.30134840925584,0,289.8003673553467,0
1596071356.2551653,0,199.30134840925584,0,291.60186767578125,0
1596071356.2651753,0,199.30134840925584,0,293.4036684036255,0
1596071356.2751567,0,199.30134840925584,0,295.20031929016113,0
1596071356.2851708,0,199.30134840925584,0,297.0028495788574,0
1596071356.2951584,0,199.30134840925584,0,298.80061626434326,0
1596071356.3051636,0,199.30134840925584,0,300.60155868530273,0
1596071356.315162,0,199.30134840925584,0,302.4012565612793,0
1596071356.325171,0,199.30134840925584,0,304.2028856277466,0
1596071356.335173,0,199.30134840925584,0,306.0032272338867,0
1596071356.3451655,0,199.30134840925584,0,307.80189514160156,0
1596071356.355173,0,199.30134840925584,0,309.6032667160034,0
1596071356.365174,0,199.30134840925584,0,311.4034366607666,0
1596071356.3751633,0,199.30134840925584,0,313.2015037536621,0
1596071356.385165,0,199.30134840925584,0,315.001802444458,0
1596071356.3951652,0,199.30134840925584,0,316.8018436431885,0
1596071356.4051616,0,199.30134840925584,0,318.60119819641113,0
1596071356.4151666,0,199.30134840925584,0,320.40209770202637,0
1596071356.4251544,0,199.30134840925584,0,322.19990730285645,0
1596071356.4351583,0,199.30134840925584,0,324.0005922317505,0
1596071356.4451635,0,199.30134840925584,0,325.80153465270996,0
1596071356.4551542,0,199.30134840925584,0,327.5998592376709,0
1596071356.465156,0,199.30134840925584,0,329.40020084381104,0
1596071356.4751732,0,199.30134840925584,0,331.2032890319824,0
1596071356.4851553,0,199.30134840925584,0,333.0000686645508,0
1596071356.495161,0,199.30134840925584,0,334.80109691619873,0
1596071356.5051765,0,199.30134840925584,0,336.60388469696045,0
1596071356.5151737,0,199.30134840925584,0,338.4033679962158,0
1596071356.5251687,0,199.30134840925584,0,340.20246505737305,0
1596071356.5351605,0,199.30134840925584,0,342.0010042190552,0
1596071356.5451665,0,199.30134840925584,0,343.80207538604736,0
1596071356.5551658,0,199.30134840925584,0,345.6019449234009,0
1596071356.5651536,0,199.30134840925584,0,347.39975452423096,0
1596071356.5751553,0,199.30134840925584,0,349.20005321502686,0
1596071356.5851636,0,199.30134840925584,0,351.0015535354614,0
1596071356.5951533,0,199.30134840925584,0,352.7997064590454,0
1596071356.6051617,0,199.30134840925584,0,354.60120677948,0
1596071356.6151762,0,199.30134840925584,0,356.40382289886475,0
1596071356.6251569,0,199.30134840925584,0,358.2003450393677,0
